71
CO-CH-1    0.0000000 0.0008119 0.1475826 0.1087804 0.1511884 0.1473026 0.1381912 0.1281535 0.1399893 0.1245980 0.1255423 0.1242764 0.1526026 0.1314285 0.1564927 0.1285732 0.1614497 0.1323372 0.1337774 0.1825997 0.1543031 0.1466305 0.1458821 0.1292112 0.1489455 0.1216903 0.1449336 0.1855564 0.1794018 0.1310821 0.1199036 0.1231199 0.1495970 0.1354206 0.1248765 0.1148111 0.1154736 0.1193142 0.1186176 0.1192916 0.1280401 0.1277549 0.1295785 0.1310511 0.1225003 0.1184603 0.1217813 0.1282060 0.1224686 0.1192058 0.1295469 0.1311768 0.1295649 0.1291356 0.1256041 0.1328785 0.1248139 0.1485523 0.1255996 0.1247910 0.1571064 0.1321457 0.1556372 0.1682051 0.1525631 0.1239592 0.1262996 0.1325140 0.1756415 0.1295237 0.1295152 
CO-CH-2    0.0008119 0.0000000 0.1467460 0.1034382 0.1463200 0.1457017 0.1308455 0.1245013 0.1312478 0.1215481 0.1223620 0.1221782 0.1510673 0.1279564 0.1529634 0.1256305 0.1615038 0.1294404 0.1316150 0.1800686 0.1502876 0.1440796 0.1392245 0.1258253 0.1453902 0.1194399 0.1432747 0.1796699 0.1761026 0.1267163 0.1166432 0.1203432 0.1483952 0.1326058 0.1187009 0.1133722 0.1129692 0.1159856 0.1162172 0.1130020 0.1193191 0.1207684 0.1191893 0.1261687 0.1168619 0.1140178 0.1153377 0.1244559 0.1158252 0.1144995 0.1241979 0.1263961 0.1225851 0.1223852 0.1193756 0.1240486 0.1195998 0.1437124 0.1195703 0.1190961 0.1506917 0.1258825 0.1581424 0.1664580 0.1405005 0.1202992 0.1240253 0.1254652 0.1716895 0.1252330 0.1251204 
CO-CH-21   0.1475826 0.1467460 0.0000000 0.0736180 0.1163118 0.0729837 0.1032631 0.0944729 0.1039379 0.0926908 0.0926059 0.0925737 0.1215899 0.1003792 0.1247712 0.0967222 0.1344194 0.1025175 0.1041830 0.1533599 0.1215363 0.1176811 0.1118170 0.0992496 0.1189595 0.0965234 0.1202526 0.1526315 0.1489519 0.1035601 0.0906457 0.0918759 0.1243126 0.1074232 0.0961091 0.0895656 0.0914925 0.0940711 0.0927297 0.0873680 0.0964019 0.0964715 0.0969596 0.1011332 0.0930723 0.0911653 0.0910906 0.1027380 0.0935379 0.0899683 0.1023963 0.1021214 0.0990780 0.0985870 0.0955348 0.0998027 0.0954745 0.1191070 0.0953037 0.0950881 0.1257867 0.1004008 0.1375888 0.1429758 0.1099552 0.0963776 0.0984028 0.1022367 0.1416398 0.0992788 0.0995644 
CO-CH-22   0.1087804 0.1034382 0.0736180 0.0000000 0.0771120 0.0775519 0.0735491 0.0642944 0.0744990 0.0633968 0.0634746 0.0629330 0.0896421 0.0713978 0.0964474 0.0679045 0.0968688 0.0687704 0.0707412 0.1156720 0.0907153 0.0837502 0.0795968 0.0678695 0.0875660 0.0606855 0.0826560 0.1149633 0.1110270 0.0713538 0.0586046 0.0615778 0.0899225 0.0726223 0.0588011 0.0554942 0.0556619 0.0588324 0.0644855 0.0558122 0.0624060 0.0595635 0.0628574 0.0689667 0.0610945 0.0555528 0.0589868 0.0691991 0.0613125 0.0579747 0.0687614 0.0690862 0.0664930 0.0663328 0.0622098 0.0637326 0.0618513 0.0838223 0.0620375 0.0621141 0.0890088 0.0664029 0.0925482 0.1013049 0.0766256 0.0636460 0.0655447 0.0679964 0.1065653 0.0645104 0.0643493 
CO-CH-23   0.1511884 0.1463200 0.1163118 0.0771120 0.0000000 0.1216896 0.1132822 0.1055434 0.1136255 0.1061791 0.1065138 0.1059922 0.1344681 0.1124812 0.1360880 0.1078372 0.1441036 0.1124509 0.1158957 0.1655506 0.1332737 0.1237928 0.1231902 0.1133566 0.1288475 0.1041721 0.1281715 0.1620401 0.1588865 0.1141164 0.0986171 0.1004431 0.1352056 0.1162861 0.0993694 0.0932493 0.0970976 0.0998397 0.0992008 0.0919680 0.1002566 0.0984843 0.0998130 0.1058613 0.0988049 0.0955122 0.0946280 0.1078859 0.0975514 0.0956835 0.1078433 0.1061137 0.1047996 0.1054982 0.1055069 0.1074254 0.1059004 0.1290265 0.1055609 0.1053956 0.1323810 0.1080840 0.1390877 0.1476181 0.1141883 0.1012630 0.1069540 0.1103969 0.1469283 0.1059543 0.1065879 
CO-CH-24   0.1473026 0.1457017 0.0729837 0.0775519 0.1216896 0.0000000 0.1085952 0.1023020 0.1091583 0.0998661 0.1005548 0.0999635 0.1268418 0.1078473 0.1318926 0.1028748 0.1384970 0.1070806 0.1083696 0.1565393 0.1285562 0.1227135 0.1191101 0.1065043 0.1250783 0.1007988 0.1224015 0.1598998 0.1533966 0.1061995 0.0968766 0.0973852 0.1296898 0.1120162 0.1016229 0.0942399 0.0952233 0.1018421 0.1002415 0.0930270 0.1029347 0.1035642 0.0995743 0.1068382 0.0987991 0.0957043 0.0951503 0.1091234 0.1011364 0.0939340 0.1067060 0.1072937 0.1056780 0.1032907 0.0984226 0.1019935 0.0986699 0.1184186 0.0981406 0.0982005 0.1302814 0.1052919 0.1343612 0.1445847 0.1174810 0.0997279 0.1008064 0.1051566 0.1519342 0.1032246 0.1041611 
CO-IP-1    0.1381912 0.1308455 0.1032631 0.0735491 0.1132822 0.1085952 0.0000000 0.0197874 0.0005577 0.0212646 0.0210085 0.0209442 0.0365073 0.0324660 0.0447753 0.0269176 0.0852535 0.0552915 0.0567930 0.0967789 0.0757603 0.0692009 0.0625365 0.0546803 0.0725400 0.0492167 0.0721429 0.1027710 0.0990523 0.0542667 0.0464467 0.0469786 0.0735172 0.0611988 0.0681389 0.0632745 0.0629643 0.0670982 0.0664399 0.0608660 0.0656044 0.0655680 0.0680154 0.0738913 0.0657933 0.0633036 0.0635147 0.0724914 0.0660683 0.0634706 0.0748842 0.0747041 0.0711030 0.0704156 0.0724744 0.0749998 0.0726495 0.0951999 0.0723990 0.0727939 0.1015738 0.0771683 0.1058994 0.1202310 0.0898748 0.0708496 0.0762104 0.0764651 0.1185932 0.0772478 0.0775264 
CO-IP-10   0.1281535 0.1245013 0.0944729 0.0642944 0.1055434 0.1023020 0.0197874 0.0000000 0.0204463 0.0040766 0.0040864 0.0036819 0.0132781 0.0159436 0.0425816 0.0122288 0.0776465 0.0510203 0.0508809 0.0907633 0.0665539 0.0612999 0.0556796 0.0451568 0.0657416 0.0420300 0.0641659 0.0928454 0.0895252 0.0502845 0.0402806 0.0380073 0.0657976 0.0549271 0.0584323 0.0563243 0.0537187 0.0561426 0.0604398 0.0541948 0.0597790 0.0573742 0.0613344 0.0657000 0.0589720 0.0546660 0.0558214 0.0635452 0.0554112 0.0555894 0.0678839 0.0653628 0.0620798 0.0619876 0.0638439 0.0672346 0.0636943 0.0867227 0.0635957 0.0638165 0.0941380 0.0694438 0.0995503 0.1109219 0.0851260 0.0644583 0.0688819 0.0711768 0.1076833 0.0703948 0.0703233 
CO-IP-2    0.1399893 0.1312478 0.1039379 0.0744990 0.1136255 0.1091583 0.0005577 0.0204463 0.0000000 0.0214898 0.0215308 0.0216802 0.0372131 0.0326228 0.0459526 0.0274491 0.0856371 0.0557935 0.0575417 0.0978032 0.0754357 0.0694300 0.0625574 0.0551406 0.0732317 0.0505764 0.0725833 0.1029607 0.0994174 0.0553323 0.0464979 0.0477137 0.0746734 0.0617097 0.0684638 0.0634103 0.0633559 0.0674186 0.0675268 0.0615960 0.0654909 0.0657262 0.0686699 0.0746733 0.0664566 0.0638761 0.0640558 0.0727907 0.0670664 0.0640752 0.0752641 0.0750438 0.0718654 0.0717312 0.0731340 0.0750869 0.0730013 0.0962998 0.0728576 0.0731671 0.1024525 0.0777106 0.1066228 0.1205609 0.0893228 0.0716267 0.0767480 0.0765024 0.1193260 0.0779274 0.0783567 
CO-IP-3    0.1245980 0.1215481 0.0926908 0.0633968 0.1061791 0.0998661 0.0212646 0.0040766 0.0214898 0.0000000 0.0005649 0.0003768 0.0008798 0.0157415 0.0447945 0.0010693 0.0784541 0.0493247 0.0494838 0.0888722 0.0649830 0.0606682 0.0530971 0.0440321 0.0638704 0.0417432 0.0644631 0.0935536 0.0895770 0.0500220 0.0394655 0.0419072 0.0651985 0.0556525 0.0587647 0.0538146 0.0530014 0.0567045 0.0599624 0.0533095 0.0611735 0.0575215 0.0605356 0.0642072 0.0574124 0.0549583 0.0562427 0.0619133 0.0553186 0.0554941 0.0667015 0.0653447 0.0619660 0.0609022 0.0621020 0.0647308 0.0623832 0.0848853 0.0623113 0.0623419 0.0917228 0.0673196 0.0985726 0.1076188 0.0802589 0.0625571 0.0675413 0.0672991 0.1066703 0.0678684 0.0679649 
CO-IP-4    0.1255423 0.1223620 0.0926059 0.0634746 0.1065138 0.1005548 0.0210085 0.0040864 0.0215308 0.0005649 0.0000000 0.0004408 0.0010077 0.0161319 0.0445762 0.0010045 0.0786915 0.0498679 0.0499419 0.0890704 0.0654498 0.0616640 0.0537858 0.0448648 0.0638992 0.0427073 0.0653401 0.0936656 0.0897764 0.0501886 0.0399451 0.0424768 0.0653699 0.0564184 0.0599647 0.0546920 0.0538350 0.0574010 0.0605788 0.0540512 0.0616087 0.0583645 0.0613824 0.0646782 0.0577291 0.0552598 0.0566994 0.0629165 0.0554980 0.0564094 0.0672068 0.0659845 0.0625458 0.0616420 0.0628576 0.0656689 0.0631264 0.0855406 0.0628785 0.0634664 0.0921212 0.0677710 0.0990915 0.1085770 0.0807819 0.0632292 0.0684997 0.0680206 0.1074382 0.0688221 0.0689698 
CO-IP-5    0.1242764 0.1221782 0.0925737 0.0629330 0.1059922 0.0999635 0.0209442 0.0036819 0.0216802 0.0003768 0.0004408 0.0000000 0.0009456 0.0157796 0.0440143 0.0009379 0.0780627 0.0494814 0.0493608 0.0885292 0.0653446 0.0611011 0.0533456 0.0439265 0.0638100 0.0417704 0.0645561 0.0932229 0.0889628 0.0494366 0.0397328 0.0416192 0.0649740 0.0558646 0.0590307 0.0537211 0.0530852 0.0570207 0.0597171 0.0538270 0.0616619 0.0578520 0.0608134 0.0643828 0.0575063 0.0548972 0.0560606 0.0622635 0.0554076 0.0554857 0.0674785 0.0655399 0.0620771 0.0610459 0.0625556 0.0652460 0.0626932 0.0850189 0.0626078 0.0628021 0.0920781 0.0675624 0.0988585 0.1076147 0.0810644 0.0626003 0.0676388 0.0673467 0.1071998 0.0682695 0.0683163 
CO-IP-6    0.1526026 0.1510673 0.1215899 0.0896421 0.1344681 0.1268418 0.0365073 0.0132781 0.0372131 0.0008798 0.0010077 0.0009456 0.0000000 0.0382357 0.0649292 0.0098162 0.1031373 0.0728564 0.0738173 0.1163832 0.0896273 0.0854155 0.0780649 0.0687177 0.0880026 0.0645723 0.0896129 0.1191557 0.1151971 0.0725416 0.0621703 0.0654035 0.0908212 0.0799391 0.0859178 0.0802904 0.0797128 0.0826820 0.0866511 0.0792136 0.0872665 0.0836204 0.0864336 0.0915336 0.0829152 0.0803407 0.0810385 0.0887902 0.0808280 0.0811445 0.0917058 0.0917999 0.0878023 0.0876485 0.0887870 0.0906507 0.0886896 0.1124281 0.0886426 0.0886605 0.1193975 0.0942439 0.1259327 0.1360885 0.1092763 0.0886681 0.0947153 0.0937040 0.1369695 0.0930359 0.0934031 
CO-IP-7    0.1314285 0.1279564 0.1003792 0.0713978 0.1124812 0.1078473 0.0324660 0.0159436 0.0326228 0.0157415 0.0161319 0.0157796 0.0382357 0.0000000 0.0442629 0.0227373 0.0865252 0.0565181 0.0568587 0.0983362 0.0756064 0.0670707 0.0622739 0.0517420 0.0743547 0.0489743 0.0721256 0.1020564 0.0992501 0.0573359 0.0471653 0.0473285 0.0718627 0.0623816 0.0648579 0.0603760 0.0612968 0.0631900 0.0671711 0.0598000 0.0651473 0.0628180 0.0663060 0.0715289 0.0645743 0.0611186 0.0622329 0.0732687 0.0634014 0.0615049 0.0736592 0.0724600 0.0703338 0.0691766 0.0700956 0.0723715 0.0700577 0.0924407 0.0700705 0.0703739 0.0997910 0.0763785 0.1085578 0.1184673 0.0883112 0.0700069 0.0741612 0.0790533 0.1150148 0.0747628 0.0755642 
CO-IP-8    0.1564927 0.1529634 0.1247712 0.0964474 0.1360880 0.1318926 0.0447753 0.0425816 0.0459526 0.0447945 0.0445762 0.0440143 0.0649292 0.0442629 0.0000000 0.0319908 0.1069107 0.0748280 0.0775148 0.1192952 0.0947326 0.0856775 0.0821904 0.0722271 0.0925430 0.0676342 0.0905573 0.1247472 0.1213670 0.0759313 0.0633777 0.0652013 0.0960593 0.0808986 0.0869274 0.0830383 0.0851408 0.0868897 0.0866720 0.0823233 0.0886641 0.0865382 0.0901371 0.0954319 0.0863375 0.0829934 0.0833519 0.0948498 0.0859447 0.0862350 0.0984971 0.0960707 0.0934415 0.0929769 0.0926589 0.0955872 0.0922114 0.1158179 0.0922666 0.0922546 0.1247773 0.1003239 0.1272529 0.1413391 0.1117950 0.0923196 0.0966887 0.0994224 0.1408677 0.0971993 0.0977476 
CO-IP-9    0.1285732 0.1256305 0.0967222 0.0679045 0.1078372 0.1028748 0.0269176 0.0122288 0.0274491 0.0010693 0.0010045 0.0009379 0.0098162 0.0227373 0.0319908 0.0000000 0.0794987 0.0524553 0.0534949 0.0944414 0.0693101 0.0630516 0.0578158 0.0481960 0.0668076 0.0440514 0.0674458 0.0958373 0.0925465 0.0525543 0.0430240 0.0455376 0.0677706 0.0570319 0.0623409 0.0596144 0.0572167 0.0614664 0.0639009 0.0560631 0.0633375 0.0611461 0.0641000 0.0692675 0.0605442 0.0576143 0.0578559 0.0649382 0.0577509 0.0589172 0.0702502 0.0701035 0.0664462 0.0650087 0.0656168 0.0681446 0.0664539 0.0908657 0.0660218 0.0659991 0.0973668 0.0729051 0.1027699 0.1135053 0.0840003 0.0675307 0.0717191 0.0721676 0.1120777 0.0733237 0.0735183 
CO-MO-1    0.1614497 0.1615038 0.1344194 0.0968688 0.1441036 0.1384970 0.0852535 0.0776465 0.0856371 0.0784541 0.0786915 0.0780627 0.1031373 0.0865252 0.1069107 0.0794987 0.0000000 0.0253359 0.0251782 0.0597852 0.0443414 0.0778785 0.0346749 0.0245903 0.0485726 0.0158822 0.0394980 0.0077894 0.0035601 0.0216300 0.0399667 0.0415943 0.0301274 0.0182133 0.0938258 0.0897774 0.0935300 0.0964259 0.0949963 0.0920529 0.0970774 0.0929462 0.0948212 0.1016306 0.0943769 0.0913991 0.0901611 0.1009773 0.0940749 0.0930652 0.1043354 0.1043442 0.1017922 0.1036091 0.1006597 0.1048268 0.1008672 0.1262890 0.1003144 0.1008649 0.1341325 0.1077461 0.1424973 0.1503218 0.1190976 0.1023103 0.1059860 0.1057845 0.1513134 0.1042688 0.1045429 
CO-MO-10   0.1323372 0.1294404 0.1025175 0.0687704 0.1124509 0.1070806 0.0552915 0.0510203 0.0557935 0.0493247 0.0498679 0.0494814 0.0728564 0.0565181 0.0748280 0.0524553 0.0253359 0.0000000 0.0031551 0.0060834 0.0196658 0.0342812 0.0023393 0.0105855 0.0216217 0.0215547 0.0180886 0.0382038 0.0327035 0.0227459 0.0162290 0.0230891 0.0358263 0.0110879 0.0662754 0.0606792 0.0635479 0.0660780 0.0670125 0.0641896 0.0682406 0.0654791 0.0662477 0.0733902 0.0667118 0.0630675 0.0636708 0.0724361 0.0665427 0.0642977 0.0743314 0.0734784 0.0718666 0.0712907 0.0703842 0.0745739 0.0704355 0.0937184 0.0700673 0.0703213 0.1023152 0.0771909 0.1091395 0.1174291 0.0865052 0.0726467 0.0758130 0.0754612 0.1221022 0.0747360 0.0747645 
CO-MO-11   0.1337774 0.1316150 0.1041830 0.0707412 0.1158957 0.1083696 0.0567930 0.0508809 0.0575417 0.0494838 0.0499419 0.0493608 0.0738173 0.0568587 0.0775148 0.0534949 0.0251782 0.0031551 0.0000000 0.0080785 0.0095094 0.0373713 0.0020584 0.0081781 0.0241337 0.0252644 0.0256386 0.0393086 0.0335857 0.0209669 0.0166356 0.0254299 0.0386616 0.0126863 0.0673118 0.0629588 0.0662652 0.0678522 0.0677296 0.0654096 0.0699846 0.0653507 0.0684427 0.0746808 0.0687260 0.0652087 0.0633388 0.0748290 0.0674884 0.0652077 0.0787342 0.0768627 0.0750190 0.0740649 0.0713626 0.0750675 0.0718517 0.0969577 0.0715412 0.0714727 0.1069060 0.0798784 0.1111309 0.1202646 0.0881986 0.0738752 0.0764172 0.0768268 0.1227858 0.0763083 0.0765322 
CO-MO-13   0.1825997 0.1800686 0.1533599 0.1156720 0.1655506 0.1565393 0.0967789 0.0907633 0.0978032 0.0888722 0.0890704 0.0885292 0.1163832 0.0983362 0.1192952 0.0944414 0.0597852 0.0060834 0.0080785 0.0000000 0.0680937 0.0899612 0.0073106 0.0458418 0.0712923 0.0508826 0.0660851 0.0801152 0.0715957 0.0497985 0.0569686 0.0487114 0.0723486 0.0409154 0.1139049 0.1085710 0.1123112 0.1131367 0.1131221 0.1114084 0.1159059 0.1116385 0.1141249 0.1209987 0.1141023 0.1099053 0.1089984 0.1219528 0.1130094 0.1101127 0.1232421 0.1216737 0.1209816 0.1213226 0.1174483 0.1219329 0.1170600 0.1422440 0.1170084 0.1172902 0.1528965 0.1257147 0.1589011 0.1672733 0.1355982 0.1212004 0.1220618 0.1231093 0.1752442 0.1199466 0.1209146 
CO-MO-14   0.1543031 0.1502876 0.1215363 0.0907153 0.1332737 0.1285562 0.0757603 0.0665539 0.0754357 0.0649830 0.0654498 0.0653446 0.0896273 0.0756064 0.0947326 0.0693101 0.0443414 0.0196658 0.0095094 0.0680937 0.0000000 0.0471828 0.0180299 0.0085581 0.0190275 0.0382962 0.0266465 0.0591916 0.0546768 0.0357568 0.0163155 0.0428636 0.0543748 0.0286301 0.0845040 0.0782027 0.0826370 0.0847551 0.0839385 0.0807290 0.0858809 0.0831267 0.0846014 0.0906141 0.0839654 0.0817236 0.0811055 0.0905619 0.0850032 0.0825089 0.0937285 0.0914104 0.0905419 0.0904801 0.0886647 0.0938115 0.0887327 0.1159830 0.0882075 0.0884731 0.1233600 0.0970876 0.1285060 0.1369509 0.1026620 0.0919407 0.0939160 0.0931918 0.1430089 0.0936807 0.0939585 
CO-MO-15   0.1466305 0.1440796 0.1176811 0.0837502 0.1237928 0.1227135 0.0692009 0.0612999 0.0694300 0.0606682 0.0616640 0.0611011 0.0854155 0.0670707 0.0856775 0.0630516 0.0778785 0.0342812 0.0373713 0.0899612 0.0471828 0.0000000 0.0426807 0.0381172 0.0325904 0.0456349 0.0425075 0.0936986 0.0903412 0.0534201 0.0164570 0.0410279 0.0688384 0.0451248 0.0770312 0.0746305 0.0755271 0.0777050 0.0785366 0.0741560 0.0794116 0.0772204 0.0783924 0.0835476 0.0788470 0.0746656 0.0767334 0.0858237 0.0764387 0.0745474 0.0856972 0.0834563 0.0839185 0.0830760 0.0840416 0.0878270 0.0837025 0.1107867 0.0837370 0.0837426 0.1168338 0.0914887 0.1211457 0.1301988 0.0979819 0.0843260 0.0892889 0.0896681 0.1314309 0.0882236 0.0884889 
CO-MO-16   0.1458821 0.1392245 0.1118170 0.0795968 0.1231902 0.1191101 0.0625365 0.0556796 0.0625574 0.0530971 0.0537858 0.0533456 0.0780649 0.0622739 0.0821904 0.0578158 0.0346749 0.0023393 0.0020584 0.0073106 0.0180299 0.0426807 0.0000000 0.0118459 0.0238689 0.0328156 0.0345350 0.0487273 0.0436709 0.0255177 0.0170887 0.0265882 0.0464733 0.0176434 0.0747272 0.0701169 0.0719123 0.0726299 0.0744936 0.0731057 0.0771577 0.0730454 0.0756380 0.0822525 0.0758172 0.0713266 0.0705619 0.0830385 0.0751949 0.0724714 0.0846722 0.0833594 0.0811006 0.0806351 0.0769600 0.0820051 0.0775128 0.1012508 0.0769775 0.0770168 0.1110222 0.0852085 0.1173924 0.1260740 0.0931338 0.0803300 0.0824919 0.0836891 0.1279751 0.0821315 0.0821228 
CO-MO-17   0.1292112 0.1258253 0.0992496 0.0678695 0.1133566 0.1065043 0.0546803 0.0451568 0.0551406 0.0440321 0.0448648 0.0439265 0.0687177 0.0517420 0.0722271 0.0481960 0.0245903 0.0105855 0.0081781 0.0458418 0.0085581 0.0381172 0.0118459 0.0000000 0.0154904 0.0028008 0.0195580 0.0376117 0.0307907 0.0209685 0.0132267 0.0213053 0.0131100 0.0129221 0.0620222 0.0582720 0.0610607 0.0619600 0.0638100 0.0605187 0.0640064 0.0614352 0.0626439 0.0690553 0.0644759 0.0597762 0.0596799 0.0692592 0.0615480 0.0616096 0.0728118 0.0717741 0.0700510 0.0682540 0.0658571 0.0703158 0.0663108 0.0889721 0.0657599 0.0659700 0.1013838 0.0760164 0.1080344 0.1166681 0.0843566 0.0698336 0.0721948 0.0744564 0.1176421 0.0737509 0.0741094 
CO-MO-18   0.1489455 0.1453902 0.1189595 0.0875660 0.1288475 0.1250783 0.0725400 0.0657416 0.0732317 0.0638704 0.0638992 0.0638100 0.0880026 0.0743547 0.0925430 0.0668076 0.0485726 0.0216217 0.0241337 0.0712923 0.0190275 0.0325904 0.0238689 0.0154904 0.0000000 0.0405534 0.0242531 0.0589837 0.0554646 0.0364632 0.0133282 0.0405664 0.0586524 0.0191590 0.0797633 0.0732039 0.0784047 0.0804434 0.0792116 0.0762904 0.0799608 0.0803095 0.0803872 0.0856552 0.0800614 0.0760877 0.0762723 0.0876449 0.0796217 0.0779813 0.0882834 0.0867437 0.0844644 0.0844062 0.0844367 0.0893756 0.0842528 0.1112688 0.0837880 0.0844985 0.1193619 0.0930291 0.1248113 0.1333363 0.1002807 0.0875119 0.0890820 0.0911148 0.1375019 0.0899861 0.0903241 
CO-MO-19   0.1216903 0.1194399 0.0965234 0.0606855 0.1041721 0.1007988 0.0492167 0.0420300 0.0505764 0.0417432 0.0427073 0.0417704 0.0645723 0.0489743 0.0676342 0.0440514 0.0158822 0.0215547 0.0252644 0.0508826 0.0382962 0.0456349 0.0328156 0.0028008 0.0405534 0.0000000 0.0279639 0.0355037 0.0292544 0.0167235 0.0210418 0.0237861 0.0007664 0.0137721 0.0570166 0.0534823 0.0575896 0.0585609 0.0593789 0.0548096 0.0583588 0.0579580 0.0578964 0.0659393 0.0585111 0.0548205 0.0557117 0.0647288 0.0576446 0.0573107 0.0681237 0.0662186 0.0636771 0.0636001 0.0620653 0.0647428 0.0615999 0.0857331 0.0619761 0.0621167 0.0954815 0.0712562 0.1015410 0.1114149 0.0797445 0.0631729 0.0688738 0.0714808 0.1091492 0.0672964 0.0679725 
CO-MO-20   0.1449336 0.1432747 0.1202526 0.0826560 0.1281715 0.1224015 0.0721429 0.0641659 0.0725833 0.0644631 0.0653401 0.0645561 0.0896129 0.0721256 0.0905573 0.0674458 0.0394980 0.0180886 0.0256386 0.0660851 0.0266465 0.0425075 0.0345350 0.0195580 0.0242531 0.0279639 0.0000000 0.0514924 0.0408370 0.0330499 0.0184460 0.0370163 0.0471168 0.0129026 0.0806737 0.0766041 0.0791947 0.0818373 0.0817531 0.0781179 0.0827089 0.0787195 0.0812483 0.0873449 0.0819160 0.0784771 0.0776589 0.0865494 0.0811678 0.0803117 0.0897004 0.0885085 0.0878203 0.0873158 0.0857089 0.0904699 0.0857582 0.1114849 0.0857060 0.0860995 0.1188869 0.0934127 0.1242737 0.1356371 0.1020760 0.0865628 0.0913373 0.0918769 0.1348204 0.0924386 0.0928529 
CO-MO-3    0.1855564 0.1796699 0.1526315 0.1149633 0.1620401 0.1598998 0.1027710 0.0928454 0.1029607 0.0935536 0.0936656 0.0932229 0.1191557 0.1020564 0.1247472 0.0958373 0.0077894 0.0382038 0.0393086 0.0801152 0.0591916 0.0936986 0.0487273 0.0376117 0.0589837 0.0355037 0.0514924 0.0000000 0.0066306 0.0336346 0.0521537 0.0508491 0.0545192 0.0271232 0.1130484 0.1085076 0.1131218 0.1156674 0.1141436 0.1102614 0.1168835 0.1116325 0.1148845 0.1202643 0.1141789 0.1104468 0.1097734 0.1202165 0.1127779 0.1108941 0.1222181 0.1239914 0.1205455 0.1213038 0.1197342 0.1225817 0.1195074 0.1459129 0.1191745 0.1195372 0.1534483 0.1268513 0.1623541 0.1697487 0.1375259 0.1217059 0.1261524 0.1237504 0.1681668 0.1233438 0.1235488 
CO-MO-4    0.1794018 0.1761026 0.1489519 0.1110270 0.1588865 0.1533966 0.0990523 0.0895252 0.0994174 0.0895770 0.0897764 0.0889628 0.1151971 0.0992501 0.1213670 0.0925465 0.0035601 0.0327035 0.0335857 0.0715957 0.0546768 0.0903412 0.0436709 0.0307907 0.0554646 0.0292544 0.0408370 0.0066306 0.0000000 0.0288896 0.0501779 0.0522050 0.0466085 0.0201971 0.1082873 0.1034366 0.1075693 0.1098169 0.1097466 0.1059069 0.1116614 0.1065088 0.1096012 0.1155478 0.1084364 0.1056666 0.1049218 0.1149166 0.1077169 0.1069386 0.1179176 0.1186206 0.1157450 0.1169126 0.1156179 0.1203980 0.1158820 0.1423234 0.1157384 0.1158365 0.1487514 0.1220595 0.1569698 0.1652047 0.1350432 0.1165994 0.1209458 0.1184654 0.1664279 0.1191611 0.1195180 
CO-MO-5    0.1310821 0.1267163 0.1035601 0.0713538 0.1141164 0.1061995 0.0542667 0.0502845 0.0553323 0.0500220 0.0501886 0.0494366 0.0725416 0.0573359 0.0759313 0.0525543 0.0216300 0.0227459 0.0209669 0.0497985 0.0357568 0.0534201 0.0255177 0.0209685 0.0364632 0.0167235 0.0330499 0.0336346 0.0288896 0.0000000 0.0079322 0.0259339 0.0296498 0.0203569 0.0664681 0.0621511 0.0654174 0.0668793 0.0664758 0.0624828 0.0696179 0.0659539 0.0680554 0.0736919 0.0668273 0.0634454 0.0627554 0.0726533 0.0662691 0.0652536 0.0763227 0.0759968 0.0724061 0.0715170 0.0696916 0.0737468 0.0701301 0.0933727 0.0697263 0.0700006 0.1024682 0.0768654 0.1104530 0.1179487 0.0863564 0.0726017 0.0749061 0.0761777 0.1185206 0.0756596 0.0759553 
CO-MO-6    0.1199036 0.1166432 0.0906457 0.0586046 0.0986171 0.0968766 0.0464467 0.0402806 0.0464979 0.0394655 0.0399451 0.0397328 0.0621703 0.0471653 0.0633777 0.0430240 0.0399667 0.0162290 0.0166356 0.0569686 0.0163155 0.0164570 0.0170887 0.0132267 0.0133282 0.0210418 0.0184460 0.0521537 0.0501779 0.0079322 0.0000000 0.0183003 0.0358430 0.0196292 0.0548374 0.0496976 0.0513356 0.0533103 0.0540634 0.0496666 0.0540430 0.0514337 0.0550794 0.0609072 0.0550903 0.0504951 0.0515607 0.0604032 0.0536049 0.0516424 0.0629182 0.0601086 0.0579860 0.0582553 0.0585151 0.0624981 0.0585095 0.0817099 0.0584755 0.0578403 0.0905089 0.0661749 0.0955451 0.1049767 0.0722245 0.0592114 0.0632894 0.0649934 0.1042158 0.0630208 0.0632245 
CO-MO-7    0.1231199 0.1203432 0.0918759 0.0615778 0.1004431 0.0973852 0.0469786 0.0380073 0.0477137 0.0419072 0.0424768 0.0416192 0.0654035 0.0473285 0.0652013 0.0455376 0.0415943 0.0230891 0.0254299 0.0487114 0.0428636 0.0410279 0.0265882 0.0213053 0.0405664 0.0237861 0.0370163 0.0508491 0.0522050 0.0259339 0.0183003 0.0000000 0.0428809 0.0295450 0.0574135 0.0518789 0.0550285 0.0574071 0.0593599 0.0529395 0.0567355 0.0552899 0.0577161 0.0640040 0.0576627 0.0529665 0.0538148 0.0620460 0.0563567 0.0530130 0.0644919 0.0651137 0.0618267 0.0609804 0.0617988 0.0627408 0.0609825 0.0840334 0.0613587 0.0612294 0.0915141 0.0679407 0.0967899 0.1068074 0.0781207 0.0615894 0.0657145 0.0652524 0.1041321 0.0647474 0.0649812 
CO-MO-8    0.1495970 0.1483952 0.1243126 0.0899225 0.1352056 0.1296898 0.0735172 0.0657976 0.0746734 0.0651985 0.0653699 0.0649740 0.0908212 0.0718627 0.0960593 0.0677706 0.0301274 0.0358263 0.0386616 0.0723486 0.0543748 0.0688384 0.0464733 0.0131100 0.0586524 0.0007664 0.0471168 0.0545192 0.0466085 0.0296498 0.0358430 0.0428809 0.0000000 0.0261302 0.0824697 0.0781883 0.0835871 0.0849412 0.0850877 0.0802238 0.0840320 0.0835647 0.0834740 0.0914666 0.0831162 0.0803223 0.0800364 0.0920454 0.0839718 0.0819581 0.0941199 0.0920520 0.0908370 0.0907718 0.0881221 0.0923218 0.0877839 0.1131828 0.0874941 0.0879809 0.1245107 0.0981197 0.1310796 0.1396139 0.1092477 0.0898666 0.0954332 0.0982650 0.1387414 0.0938594 0.0945143 
CO-MO-9    0.1354206 0.1326058 0.1074232 0.0726223 0.1162861 0.1120162 0.0611988 0.0549271 0.0617097 0.0556525 0.0564184 0.0558646 0.0799391 0.0623816 0.0808986 0.0570319 0.0182133 0.0110879 0.0126863 0.0409154 0.0286301 0.0451248 0.0176434 0.0129221 0.0191590 0.0137721 0.0129026 0.0271232 0.0201971 0.0203569 0.0196292 0.0295450 0.0261302 0.0000000 0.0687560 0.0639995 0.0681753 0.0695301 0.0699373 0.0676252 0.0708101 0.0673001 0.0689749 0.0759973 0.0697932 0.0668234 0.0675232 0.0764479 0.0686207 0.0670803 0.0778461 0.0771096 0.0750737 0.0738315 0.0738189 0.0789606 0.0739111 0.0984155 0.0738295 0.0738161 0.1069573 0.0810022 0.1127138 0.1206594 0.0911095 0.0758302 0.0807541 0.0801920 0.1243224 0.0775195 0.0778650 
CO-PB-1    0.1248765 0.1187009 0.0961091 0.0588011 0.0993694 0.1016229 0.0681389 0.0584323 0.0684638 0.0587647 0.0599647 0.0590307 0.0859178 0.0648579 0.0869274 0.0623409 0.0938258 0.0662754 0.0673118 0.1139049 0.0845040 0.0770312 0.0747272 0.0620222 0.0797633 0.0570166 0.0806737 0.1130484 0.1082873 0.0664681 0.0548374 0.0574135 0.0824697 0.0687560 0.0000000 0.0215835 0.0271632 0.0279552 0.0314452 0.0192678 0.0128011 0.0172371 0.0142032 0.0160015 0.0269391 0.0107049 0.0226651 0.0367729 0.0317251 0.0246699 0.0326465 0.0368246 0.0323668 0.0280558 0.0623220 0.0639657 0.0618268 0.0825480 0.0623033 0.0620519 0.0911466 0.0673367 0.0979002 0.1033505 0.0773162 0.0612547 0.0639665 0.0663462 0.1049025 0.0662303 0.0666433 
CO-PB-10   0.1148111 0.1133722 0.0895656 0.0554942 0.0932493 0.0942399 0.0632745 0.0563243 0.0634103 0.0538146 0.0546920 0.0537211 0.0802904 0.0603760 0.0830383 0.0596144 0.0897774 0.0606792 0.0629588 0.1085710 0.0782027 0.0746305 0.0701169 0.0582720 0.0732039 0.0534823 0.0766041 0.1085076 0.1034366 0.0621511 0.0496976 0.0518789 0.0781883 0.0639995 0.0215835 0.0000000 0.0257784 0.0284540 0.0253809 0.0201310 0.0225294 0.0203605 0.0208866 0.0292452 0.0262622 0.0215871 0.0257303 0.0301198 0.0257989 0.0227421 0.0271150 0.0283614 0.0241497 0.0287179 0.0563789 0.0591801 0.0561978 0.0782366 0.0561524 0.0561781 0.0833214 0.0604266 0.0928587 0.0982577 0.0721637 0.0559126 0.0627670 0.0608577 0.0945383 0.0603706 0.0604975 
CO-PB-11   0.1154736 0.1129692 0.0914925 0.0556619 0.0970976 0.0952233 0.0629643 0.0537187 0.0633559 0.0530014 0.0538350 0.0530852 0.0797128 0.0612968 0.0851408 0.0572167 0.0935300 0.0635479 0.0662652 0.1123112 0.0826370 0.0755271 0.0719123 0.0610607 0.0784047 0.0575896 0.0791947 0.1131218 0.1075693 0.0654174 0.0513356 0.0550285 0.0835871 0.0681753 0.0271632 0.0257784 0.0000000 0.0032041 0.0267454 0.0246551 0.0245596 0.0288707 0.0255981 0.0366890 0.0240106 0.0247099 0.0225499 0.0220709 0.0177699 0.0132724 0.0316566 0.0273157 0.0222410 0.0237677 0.0575634 0.0598843 0.0575705 0.0817959 0.0574174 0.0573329 0.0870010 0.0635407 0.0933505 0.0992742 0.0735994 0.0578793 0.0624570 0.0629307 0.0976942 0.0623464 0.0621120 
CO-PB-12   0.1193142 0.1159856 0.0940711 0.0588324 0.0998397 0.1018421 0.0670982 0.0561426 0.0674186 0.0567045 0.0574010 0.0570207 0.0826820 0.0631900 0.0868897 0.0614664 0.0964259 0.0660780 0.0678522 0.1131367 0.0847551 0.0777050 0.0726299 0.0619600 0.0804434 0.0585609 0.0818373 0.1156674 0.1098169 0.0668793 0.0533103 0.0574071 0.0849412 0.0695301 0.0279552 0.0284540 0.0032041 0.0000000 0.0345674 0.0243966 0.0269540 0.0240648 0.0241568 0.0339904 0.0317960 0.0109719 0.0297015 0.0303305 0.0258582 0.0234969 0.0299477 0.0320386 0.0300546 0.0339861 0.0621243 0.0636307 0.0615436 0.0830674 0.0619100 0.0620030 0.0879110 0.0646874 0.0962247 0.1033628 0.0757758 0.0597251 0.0641104 0.0651026 0.1014161 0.0638345 0.0644596 
CO-PB-13   0.1186176 0.1162172 0.0927297 0.0644855 0.0992008 0.1002415 0.0664399 0.0604398 0.0675268 0.0599624 0.0605788 0.0597171 0.0866511 0.0671711 0.0866720 0.0639009 0.0949963 0.0670125 0.0677296 0.1131221 0.0839385 0.0785366 0.0744936 0.0638100 0.0792116 0.0593789 0.0817531 0.1141436 0.1097466 0.0664758 0.0540634 0.0593599 0.0850877 0.0699373 0.0314452 0.0253809 0.0267454 0.0345674 0.0000000 0.0239183 0.0298485 0.0272079 0.0280237 0.0320941 0.0283084 0.0283792 0.0194694 0.0356140 0.0289917 0.0285164 0.0316692 0.0339997 0.0270618 0.0247768 0.0609877 0.0631172 0.0609837 0.0872559 0.0609552 0.0607940 0.0909995 0.0670259 0.0965900 0.1021845 0.0781858 0.0601967 0.0640045 0.0640041 0.1010797 0.0648199 0.0651003 
CO-PB-14   0.1192916 0.1130020 0.0873680 0.0558122 0.0919680 0.0930270 0.0608660 0.0541948 0.0615960 0.0533095 0.0540512 0.0538270 0.0792136 0.0598000 0.0823233 0.0560631 0.0920529 0.0641896 0.0654096 0.1114084 0.0807290 0.0741560 0.0731057 0.0605187 0.0762904 0.0548096 0.0781179 0.1102614 0.1059069 0.0624828 0.0496666 0.0529395 0.0802238 0.0676252 0.0192678 0.0201310 0.0246551 0.0243966 0.0239183 0.0000000 0.0201565 0.0201942 0.0205013 0.0293435 0.0223077 0.0190111 0.0237487 0.0313220 0.0262635 0.0222570 0.0262242 0.0311040 0.0243225 0.0303859 0.0559544 0.0581128 0.0559109 0.0799240 0.0560914 0.0561663 0.0845498 0.0620566 0.0914164 0.0991698 0.0721284 0.0564852 0.0592287 0.0628980 0.0967150 0.0608810 0.0610663 
CO-PB-15   0.1280401 0.1193191 0.0964019 0.0624060 0.1002566 0.1029347 0.0656044 0.0597790 0.0654909 0.0611735 0.0616087 0.0616619 0.0872665 0.0651473 0.0886641 0.0633375 0.0970774 0.0682406 0.0699846 0.1159059 0.0858809 0.0794116 0.0771577 0.0640064 0.0799608 0.0583588 0.0827089 0.1168835 0.1116614 0.0696179 0.0540430 0.0567355 0.0840320 0.0708101 0.0128011 0.0225294 0.0245596 0.0269540 0.0298485 0.0201565 0.0000000 0.0130688 0.0086570 0.0183063 0.0272921 0.0206068 0.0231315 0.0320799 0.0275694 0.0228039 0.0313881 0.0298713 0.0248866 0.0251365 0.0614529 0.0636581 0.0607672 0.0855846 0.0612830 0.0613355 0.0888234 0.0655724 0.0982404 0.1032234 0.0778774 0.0601033 0.0644490 0.0644078 0.1033552 0.0639484 0.0644214 
CO-PB-16   0.1277549 0.1207684 0.0964715 0.0595635 0.0984843 0.1035642 0.0655680 0.0573742 0.0657262 0.0575215 0.0583645 0.0578520 0.0836204 0.0628180 0.0865382 0.0611461 0.0929462 0.0654791 0.0653507 0.1116385 0.0831267 0.0772204 0.0730454 0.0614352 0.0803095 0.0579580 0.0787195 0.1116325 0.1065088 0.0659539 0.0514337 0.0552899 0.0835647 0.0673001 0.0172371 0.0203605 0.0288707 0.0240648 0.0272079 0.0201942 0.0130688 0.0000000 0.0081448 0.0198704 0.0222024 0.0220577 0.0221176 0.0299660 0.0262449 0.0252980 0.0279910 0.0345359 0.0311301 0.0291575 0.0622117 0.0625821 0.0618347 0.0839759 0.0622248 0.0618015 0.0886451 0.0654664 0.0944994 0.1018984 0.0752546 0.0589370 0.0648991 0.0648596 0.1010449 0.0634538 0.0634666 
CO-PB-17   0.1295785 0.1191893 0.0969596 0.0628574 0.0998130 0.0995743 0.0680154 0.0613344 0.0686699 0.0605356 0.0613824 0.0608134 0.0864336 0.0663060 0.0901371 0.0641000 0.0948212 0.0662477 0.0684427 0.1141249 0.0846014 0.0783924 0.0756380 0.0626439 0.0803872 0.0578964 0.0812483 0.1148845 0.1096012 0.0680554 0.0550794 0.0577161 0.0834740 0.0689749 0.0142032 0.0208866 0.0255981 0.0241568 0.0280237 0.0205013 0.0086570 0.0081448 0.0000000 0.0173348 0.0270084 0.0226881 0.0237167 0.0331289 0.0271452 0.0210305 0.0292442 0.0356872 0.0276605 0.0282913 0.0632093 0.0649607 0.0624656 0.0854837 0.0627595 0.0629016 0.0906599 0.0671654 0.0982872 0.1045165 0.0779513 0.0617880 0.0660813 0.0664852 0.1048210 0.0664726 0.0664941 
CO-PB-18   0.1310511 0.1261687 0.1011332 0.0689667 0.1058613 0.1068382 0.0738913 0.0657000 0.0746733 0.0642072 0.0646782 0.0643828 0.0915336 0.0715289 0.0954319 0.0692675 0.1016306 0.0733902 0.0746808 0.1209987 0.0906141 0.0835476 0.0822525 0.0690553 0.0856552 0.0659393 0.0873449 0.1202643 0.1155478 0.0736919 0.0609072 0.0640040 0.0914666 0.0759973 0.0160015 0.0292452 0.0366890 0.0339904 0.0320941 0.0293435 0.0183063 0.0198704 0.0173348 0.0000000 0.0266026 0.0294642 0.0337370 0.0339450 0.0363335 0.0249904 0.0157151 0.0418253 0.0325527 0.0287724 0.0682098 0.0701693 0.0677732 0.0911917 0.0681449 0.0683797 0.0952188 0.0724491 0.1029032 0.1094011 0.0822364 0.0677695 0.0705611 0.0745884 0.1078500 0.0722179 0.0728607 
CO-PB-19   0.1225003 0.1168619 0.0930723 0.0610945 0.0988049 0.0987991 0.0657933 0.0589720 0.0664566 0.0574124 0.0577291 0.0575063 0.0829152 0.0645743 0.0863375 0.0605442 0.0943769 0.0667118 0.0687260 0.1141023 0.0839654 0.0788470 0.0758172 0.0644759 0.0800614 0.0585111 0.0819160 0.1141789 0.1084364 0.0668273 0.0550903 0.0576627 0.0831162 0.0697932 0.0269391 0.0262622 0.0240106 0.0317960 0.0283084 0.0223077 0.0272921 0.0222024 0.0270084 0.0266026 0.0000000 0.0258567 0.0223074 0.0165017 0.0218494 0.0243878 0.0230247 0.0364748 0.0292609 0.0242589 0.0613086 0.0643948 0.0617869 0.0860691 0.0617816 0.0616158 0.0894119 0.0664108 0.0978181 0.1013008 0.0731056 0.0601189 0.0652751 0.0674049 0.1019884 0.0643066 0.0644503 
CO-PB-2    0.1184603 0.1140178 0.0911653 0.0555528 0.0955122 0.0957043 0.0633036 0.0546660 0.0638761 0.0549583 0.0552598 0.0548972 0.0803407 0.0611186 0.0829934 0.0576143 0.0913991 0.0630675 0.0652087 0.1099053 0.0817236 0.0746656 0.0713266 0.0597762 0.0760877 0.0548205 0.0784771 0.1104468 0.1056666 0.0634454 0.0504951 0.0529665 0.0803223 0.0668234 0.0107049 0.0215871 0.0247099 0.0109719 0.0283792 0.0190111 0.0206068 0.0220577 0.0226881 0.0294642 0.0258567 0.0000000 0.0237338 0.0304251 0.0247427 0.0258916 0.0323120 0.0361928 0.0294453 0.0286938 0.0586126 0.0606465 0.0581591 0.0798860 0.0584346 0.0584283 0.0852326 0.0621705 0.0944016 0.1001095 0.0749784 0.0571293 0.0612560 0.0639331 0.1044272 0.0618450 0.0623038 
CO-PB-20   0.1217813 0.1153377 0.0910906 0.0589868 0.0946280 0.0951503 0.0635147 0.0558214 0.0640558 0.0562427 0.0566994 0.0560606 0.0810385 0.0622329 0.0833519 0.0578559 0.0901611 0.0636708 0.0633388 0.1089984 0.0811055 0.0767334 0.0705619 0.0596799 0.0762723 0.0557117 0.0776589 0.1097734 0.1049218 0.0627554 0.0515607 0.0538148 0.0800364 0.0675232 0.0226651 0.0257303 0.0225499 0.0297015 0.0194694 0.0237487 0.0231315 0.0221176 0.0237167 0.0337370 0.0223074 0.0237338 0.0000000 0.0302182 0.0262781 0.0212029 0.0350175 0.0301965 0.0250207 0.0230394 0.0556530 0.0580762 0.0553792 0.0800481 0.0555316 0.0558643 0.0857900 0.0624788 0.0908041 0.0994009 0.0720194 0.0564585 0.0616518 0.0628169 0.0967770 0.0601233 0.0603101 
CO-PB-3    0.1282060 0.1244559 0.1027380 0.0691991 0.1078859 0.1091234 0.0724914 0.0635452 0.0727907 0.0619133 0.0629165 0.0622635 0.0887902 0.0732687 0.0948498 0.0649382 0.1009773 0.0724361 0.0748290 0.1219528 0.0905619 0.0858237 0.0830385 0.0692592 0.0876449 0.0647288 0.0865494 0.1202165 0.1149166 0.0726533 0.0604032 0.0620460 0.0920454 0.0764479 0.0367729 0.0301198 0.0220709 0.0303305 0.0356140 0.0313220 0.0320799 0.0299660 0.0331289 0.0339450 0.0165017 0.0304251 0.0302182 0.0000000 0.0188110 0.0309423 0.0275487 0.0386416 0.0286881 0.0288965 0.0682079 0.0716875 0.0686475 0.0944304 0.0684006 0.0682859 0.0964990 0.0732525 0.1055672 0.1119395 0.0841284 0.0688859 0.0723155 0.0734352 0.1131814 0.0714535 0.0713756 
CO-PB-4    0.1224686 0.1158252 0.0935379 0.0613125 0.0975514 0.1011364 0.0660683 0.0554112 0.0670664 0.0553186 0.0554980 0.0554076 0.0808280 0.0634014 0.0859447 0.0577509 0.0940749 0.0665427 0.0674884 0.1130094 0.0850032 0.0764387 0.0751949 0.0615480 0.0796217 0.0576446 0.0811678 0.1127779 0.1077169 0.0662691 0.0536049 0.0563567 0.0839718 0.0686207 0.0317251 0.0257989 0.0177699 0.0258582 0.0289917 0.0262635 0.0275694 0.0262449 0.0271452 0.0363335 0.0218494 0.0247427 0.0262781 0.0188110 0.0000000 0.0216877 0.0303460 0.0284488 0.0252385 0.0238021 0.0609666 0.0645223 0.0611432 0.0843248 0.0615866 0.0609979 0.0891945 0.0658969 0.0981890 0.1036004 0.0749509 0.0617535 0.0643920 0.0654756 0.1038071 0.0651060 0.0657545 
CO-PB-5    0.1192058 0.1144995 0.0899683 0.0579747 0.0956835 0.0939340 0.0634706 0.0555894 0.0640752 0.0554941 0.0564094 0.0554857 0.0811445 0.0615049 0.0862350 0.0589172 0.0930652 0.0642977 0.0652077 0.1101127 0.0825089 0.0745474 0.0724714 0.0616096 0.0779813 0.0573107 0.0803117 0.1108941 0.1069386 0.0652536 0.0516424 0.0530130 0.0819581 0.0670803 0.0246699 0.0227421 0.0132724 0.0234969 0.0285164 0.0222570 0.0228039 0.0252980 0.0210305 0.0249904 0.0243878 0.0258916 0.0212029 0.0309423 0.0216877 0.0000000 0.0278287 0.0196395 0.0182460 0.0206315 0.0565983 0.0594490 0.0566022 0.0777624 0.0567924 0.0568735 0.0845140 0.0609486 0.0930274 0.0986090 0.0705802 0.0565298 0.0624925 0.0618313 0.0965119 0.0607626 0.0608550 
CO-PB-6    0.1295469 0.1241979 0.1023963 0.0687614 0.1078433 0.1067060 0.0748842 0.0678839 0.0752641 0.0667015 0.0672068 0.0674785 0.0917058 0.0736592 0.0984971 0.0702502 0.1043354 0.0743314 0.0787342 0.1232421 0.0937285 0.0856972 0.0846722 0.0728118 0.0882834 0.0681237 0.0897004 0.1222181 0.1179176 0.0763227 0.0629182 0.0644919 0.0941199 0.0778461 0.0326465 0.0271150 0.0316566 0.0299477 0.0316692 0.0262242 0.0313881 0.0279910 0.0292442 0.0157151 0.0230247 0.0323120 0.0350175 0.0275487 0.0303460 0.0278287 0.0000000 0.0434579 0.0177873 0.0275413 0.0684030 0.0704861 0.0684615 0.0906770 0.0685651 0.0685442 0.0986799 0.0749504 0.1046365 0.1117672 0.0856235 0.0706527 0.0730666 0.0743963 0.1143131 0.0741659 0.0746972 
CO-PB-7    0.1311768 0.1263961 0.1021214 0.0690862 0.1061137 0.1072937 0.0747041 0.0653628 0.0750438 0.0653447 0.0659845 0.0655399 0.0917999 0.0724600 0.0960707 0.0701035 0.1043442 0.0734784 0.0768627 0.1216737 0.0914104 0.0834563 0.0833594 0.0717741 0.0867437 0.0662186 0.0885085 0.1239914 0.1186206 0.0759968 0.0601086 0.0651137 0.0920520 0.0771096 0.0368246 0.0283614 0.0273157 0.0320386 0.0339997 0.0311040 0.0298713 0.0345359 0.0356872 0.0418253 0.0364748 0.0361928 0.0301965 0.0386416 0.0284488 0.0196395 0.0434579 0.0000000 0.0181277 0.0342611 0.0675644 0.0690200 0.0672191 0.0898886 0.0674191 0.0674818 0.0941714 0.0713741 0.1050368 0.1083031 0.0836679 0.0666622 0.0704653 0.0713491 0.1078433 0.0685002 0.0686133 
CO-PB-8    0.1295649 0.1225851 0.0990780 0.0664930 0.1047996 0.1056780 0.0711030 0.0620798 0.0718654 0.0619660 0.0625458 0.0620771 0.0878023 0.0703338 0.0934415 0.0664462 0.1017922 0.0718666 0.0750190 0.1209816 0.0905419 0.0839185 0.0811006 0.0700510 0.0844644 0.0636771 0.0878203 0.1205455 0.1157450 0.0724061 0.0579860 0.0618267 0.0908370 0.0750737 0.0323668 0.0241497 0.0222410 0.0300546 0.0270618 0.0243225 0.0248866 0.0311301 0.0276605 0.0325527 0.0292609 0.0294453 0.0250207 0.0286881 0.0252385 0.0182460 0.0177873 0.0181277 0.0000000 0.0169044 0.0648925 0.0675313 0.0648914 0.0881781 0.0652767 0.0650047 0.0920126 0.0684170 0.1021373 0.1035466 0.0834244 0.0655124 0.0688554 0.0676882 0.1040289 0.0677675 0.0675236 
CO-PB-9    0.1291356 0.1223852 0.0985870 0.0663328 0.1054982 0.1032907 0.0704156 0.0619876 0.0717312 0.0609022 0.0616420 0.0610459 0.0876485 0.0691766 0.0929769 0.0650087 0.1036091 0.0712907 0.0740649 0.1213226 0.0904801 0.0830760 0.0806351 0.0682540 0.0844062 0.0636001 0.0873158 0.1213038 0.1169126 0.0715170 0.0582553 0.0609804 0.0907718 0.0738315 0.0280558 0.0287179 0.0237677 0.0339861 0.0247768 0.0303859 0.0251365 0.0291575 0.0282913 0.0287724 0.0242589 0.0286938 0.0230394 0.0288965 0.0238021 0.0206315 0.0275413 0.0342611 0.0169044 0.0000000 0.0664767 0.0693967 0.0660521 0.0927654 0.0663789 0.0665414 0.0943531 0.0706218 0.0989169 0.1061673 0.0820686 0.0657245 0.0687833 0.0701004 0.1050984 0.0681002 0.0686420 
CO-PK-10   0.1256041 0.1193756 0.0955348 0.0622098 0.1055069 0.0984226 0.0724744 0.0638439 0.0731340 0.0621020 0.0628576 0.0625556 0.0887870 0.0700956 0.0926589 0.0656168 0.1006597 0.0703842 0.0713626 0.1174483 0.0886647 0.0840416 0.0769600 0.0658571 0.0844367 0.0620653 0.0857089 0.1197342 0.1156179 0.0696916 0.0585151 0.0617988 0.0881221 0.0738189 0.0623220 0.0563789 0.0575634 0.0621243 0.0609877 0.0559544 0.0614529 0.0622117 0.0632093 0.0682098 0.0613086 0.0586126 0.0556530 0.0682079 0.0609666 0.0565983 0.0684030 0.0675644 0.0648925 0.0664767 0.0000000 0.0004350 0.0005719 0.0009453 0.0002533 0.0004454 0.0408325 0.0229451 0.0398956 0.0487016 0.0267723 0.0153731 0.0233652 0.0235381 0.0437519 0.0229500 0.0231620 
