65
CO-IP-1    0.0000000 0.0198600 0.0005578 0.0213455 0.0210876 0.0210222 0.0367529 0.0326639 0.0451530 0.0270478 0.0866566 0.0558655 0.0574002 0.0986111 0.0768502 0.0701103 0.0632782 0.0552358 0.0735426 0.0496652 0.0731463 0.1048444 0.1009789 0.0548175 0.0468450 0.0474011 0.0745544 0.0619090 0.0690532 0.0640492 0.0637286 0.0679659 0.0672997 0.0615700 0.0664418 0.0663931 0.0688997 0.0749535 0.0666223 0.0640847 0.0643059 0.0735161 0.0669176 0.0642623 0.0759739 0.0757860 0.0720659 0.0713677 0.0734896 0.0761052 0.0736684 0.0969579 0.0734134 0.0738186 0.1035890 0.0782980 0.1081057 0.1230984 0.0914598 0.0718226 0.0773176 0.0775986 0.1214192 0.0783986 0.0786845 
CO-IP-10   0.0198600 0.0000000 0.0205235 0.0040794 0.0040891 0.0036843 0.0133098 0.0159923 0.0429259 0.0122559 0.0787930 0.0515047 0.0513637 0.0923558 0.0673930 0.0620126 0.0562615 0.0455350 0.0665614 0.0423565 0.0649441 0.0945035 0.0910689 0.0507482 0.0405778 0.0382790 0.0666252 0.0554973 0.0590859 0.0569195 0.0542617 0.0567325 0.0611401 0.0547450 0.0604523 0.0579923 0.0620463 0.0665235 0.0596285 0.0552302 0.0564086 0.0643055 0.0559884 0.0561733 0.0687621 0.0661701 0.0627862 0.0627064 0.0646164 0.0681114 0.0644606 0.0881510 0.0643628 0.0645898 0.0958397 0.0703421 0.1014717 0.1133233 0.0865385 0.0652409 0.0697653 0.0721358 0.1099532 0.0713311 0.0712561 
CO-IP-2    0.0005578 0.0205235 0.0000000 0.0215723 0.0216136 0.0217640 0.0374689 0.0328216 0.0463501 0.0275835 0.0870509 0.0563783 0.0581656 0.0996708 0.0765159 0.0703509 0.0632979 0.0557067 0.0742547 0.0510522 0.0736022 0.1050410 0.1013556 0.0559081 0.0468979 0.0481503 0.0757437 0.0624322 0.0693856 0.0641882 0.0641279 0.0682950 0.0684153 0.0623182 0.0663250 0.0665579 0.0695741 0.0757616 0.0673022 0.0646703 0.0648583 0.0738229 0.0679389 0.0648832 0.0763685 0.0761353 0.0728505 0.0727216 0.0741667 0.0761891 0.0740283 0.0981030 0.0738827 0.0742002 0.1045085 0.0788573 0.1088601 0.1234314 0.0908878 0.0726198 0.0778718 0.0776357 0.1221875 0.0790980 0.0795382 
CO-IP-3    0.0213455 0.0040794 0.0215723 0.0000000 0.0005652 0.0003767 0.0008797 0.0157884 0.0451840 0.0010691 0.0796229 0.0497744 0.0499313 0.0903856 0.0657702 0.0613603 0.0536206 0.0443895 0.0646342 0.0420657 0.0652502 0.0952341 0.0911245 0.0504829 0.0397489 0.0422387 0.0660082 0.0562373 0.0594284 0.0543502 0.0535302 0.0573146 0.0606396 0.0538333 0.0618857 0.0581418 0.0612300 0.0649868 0.0580339 0.0555335 0.0568421 0.0626313 0.0558979 0.0560799 0.0675468 0.0661454 0.0626766 0.0615957 0.0628321 0.0655375 0.0631166 0.0862607 0.0630451 0.0630765 0.0933239 0.0681628 0.1004393 0.1098538 0.0814900 0.0632874 0.0683809 0.0681478 0.1088927 0.0687362 0.0688312 
CO-IP-4    0.0210876 0.0040891 0.0216136 0.0005652 0.0000000 0.0004407 0.0010075 0.0161808 0.0449618 0.0010047 0.0798653 0.0503279 0.0503982 0.0905889 0.0662494 0.0623799 0.0543233 0.0452366 0.0646630 0.0430444 0.0661468 0.0953511 0.0913277 0.0506512 0.0402353 0.0428164 0.0661812 0.0570194 0.0606540 0.0552439 0.0543797 0.0580242 0.0612673 0.0545898 0.0623292 0.0590027 0.0620942 0.0654671 0.0583559 0.0558400 0.0573062 0.0636574 0.0560813 0.0570123 0.0680651 0.0667968 0.0632681 0.0623516 0.0636048 0.0665001 0.0638751 0.0869356 0.0636241 0.0642276 0.0937354 0.0686223 0.1009772 0.1108539 0.0820269 0.0639726 0.0693612 0.0688864 0.1096965 0.0697117 0.0698603 
CO-IP-5    0.0210222 0.0036843 0.0217640 0.0003767 0.0004407 0.0000000 0.0009457 0.0158269 0.0443903 0.0009378 0.0792195 0.0499344 0.0498058 0.0900304 0.0661423 0.0618047 0.0538733 0.0442831 0.0645714 0.0420926 0.0653442 0.0948937 0.0904885 0.0498866 0.0400194 0.0419461 0.0657771 0.0564538 0.0596981 0.0542544 0.0536150 0.0576365 0.0603880 0.0543609 0.0623825 0.0584777 0.0615127 0.0651642 0.0581280 0.0554698 0.0566544 0.0629902 0.0559892 0.0560703 0.0683428 0.0663428 0.0627902 0.0617419 0.0632954 0.0660648 0.0634321 0.0863991 0.0633469 0.0635468 0.0936911 0.0684094 0.1007368 0.1098490 0.0823215 0.0633306 0.0684815 0.0681952 0.1094499 0.0691483 0.0691923 
CO-IP-6    0.0367529 0.0133098 0.0374689 0.0008797 0.0010075 0.0009457 0.0000000 0.0385072 0.0657468 0.0098341 0.1051885 0.0738570 0.0748389 0.1190198 0.0911557 0.0868061 0.0792175 0.0696048 0.0894721 0.0653551 0.0911567 0.1219319 0.1178042 0.0735260 0.0628868 0.0662207 0.0924144 0.0811609 0.0873476 0.0815090 0.0809197 0.0839942 0.0880863 0.0803945 0.0887379 0.0849566 0.0878708 0.0931391 0.0842436 0.0815841 0.0823040 0.0902940 0.0820836 0.0824108 0.0933304 0.0934179 0.0892592 0.0891105 0.0902996 0.0922585 0.0901925 0.1148682 0.0901476 0.0901719 0.1221819 0.0959279 0.1290387 0.1397431 0.1116218 0.0901713 0.0964062 0.0953929 0.1407389 0.0947008 0.0950774 
CO-IP-7    0.0326639 0.0159923 0.0328216 0.0157884 0.0161808 0.0158269 0.0385072 0.0000000 0.0446364 0.0228340 0.0879952 0.0571306 0.0574845 0.1002348 0.0767176 0.0679367 0.0630232 0.0522553 0.0754183 0.0494271 0.0731225 0.1041223 0.1011956 0.0579695 0.0475846 0.0477591 0.0728675 0.0631231 0.0656725 0.0610653 0.0620186 0.0639517 0.0680521 0.0604759 0.0659638 0.0635705 0.0671548 0.0725091 0.0653587 0.0618434 0.0629777 0.0742961 0.0641710 0.0622331 0.0746996 0.0734723 0.0712757 0.0700838 0.0710371 0.0733745 0.0709958 0.0940819 0.0710106 0.0713220 0.1017444 0.0774874 0.1108773 0.1212131 0.0898128 0.0709415 0.0751989 0.0802562 0.1176317 0.0758334 0.0766507 
CO-IP-8    0.0451530 0.0429259 0.0463501 0.0451840 0.0449618 0.0443903 0.0657468 0.0446364 0.0000000 0.0321825 0.1091840 0.0759072 0.0786692 0.1221426 0.0964843 0.0870926 0.0834928 0.0732214 0.0941988 0.0685078 0.0921652 0.1278775 0.1243321 0.0770371 0.0641285 0.0660203 0.0978678 0.0821761 0.0884117 0.0843621 0.0865477 0.0883543 0.0881435 0.0836438 0.0902041 0.0879790 0.0917234 0.0972079 0.0877886 0.0843366 0.0847106 0.0965895 0.0873871 0.0877052 0.1003934 0.0978871 0.0951251 0.0946441 0.0943422 0.0974084 0.0938750 0.1184632 0.0939343 0.0939258 0.1278894 0.1022879 0.1305193 0.1453614 0.1142989 0.0939924 0.0984835 0.1013425 0.1448921 0.0990466 0.0996080 
CO-IP-9    0.0270478 0.0122559 0.0275835 0.0010691 0.0010047 0.0009378 0.0098341 0.0228340 0.0321825 0.0000000 0.0807133 0.0529639 0.0540271 0.0961579 0.0702044 0.0637952 0.0584361 0.0486259 0.0676416 0.0444082 0.0683092 0.0976232 0.0942169 0.0530687 0.0433603 0.0459237 0.0686451 0.0576432 0.0630763 0.0602772 0.0578345 0.0621702 0.0646721 0.0566425 0.0640901 0.0618458 0.0648770 0.0701789 0.0612356 0.0582375 0.0584907 0.0657253 0.0583771 0.0595767 0.0711791 0.0710315 0.0672718 0.0657914 0.0664285 0.0690325 0.0672852 0.0924592 0.0668442 0.0668221 0.0991722 0.0738896 0.1048141 0.1160011 0.0853724 0.0683818 0.0726781 0.0731517 0.1145669 0.0743428 0.0745399 
CO-MO-1    0.0866566 0.0787930 0.0870509 0.0796229 0.0798653 0.0792195 0.1051885 0.0879952 0.1091840 0.0807133 0.0000000 0.0254553 0.0253004 0.0604753 0.0447114 0.0790652 0.0349056 0.0247037 0.0490142 0.0159303 0.0397888 0.0078007 0.0035625 0.0217189 0.0402706 0.0419260 0.0303031 0.0182739 0.0955734 0.0913314 0.0952146 0.0982319 0.0967732 0.0937034 0.0989350 0.0946277 0.0965805 0.1036636 0.0961036 0.0930285 0.0917544 0.1029669 0.0957951 0.0947725 0.1064736 0.1064775 0.1037968 0.1057246 0.1026400 0.1069900 0.1028510 0.1294181 0.1022754 0.1028507 0.1377259 0.1100014 0.1465948 0.1548610 0.1219439 0.1043553 0.1081699 0.1079534 0.1559705 0.1063939 0.1066744 
CO-MO-10   0.0558655 0.0515047 0.0563783 0.0497744 0.0503279 0.0499344 0.0738570 0.0571306 0.0759072 0.0529639 0.0254553 0.0000000 0.0031564 0.0060904 0.0197352 0.0345044 0.0023404 0.0106057 0.0217074 0.0216408 0.0181513 0.0384763 0.0329045 0.0228411 0.0162781 0.0231875 0.0360670 0.0111107 0.0671292 0.0613784 0.0643106 0.0669079 0.0678815 0.0649817 0.0691475 0.0663006 0.0670865 0.0744354 0.0675616 0.0638356 0.0644501 0.0734483 0.0673908 0.0650938 0.0753923 0.0745068 0.0728399 0.0722657 0.0713293 0.0756448 0.0713787 0.0954087 0.0710029 0.0712656 0.1043488 0.0783226 0.1114735 0.1201285 0.0879707 0.0736531 0.0768896 0.0765350 0.1250811 0.0758000 0.0758297 
CO-MO-11   0.0574002 0.0513637 0.0581656 0.0499313 0.0503982 0.0498058 0.0748389 0.0574845 0.0786692 0.0540271 0.0253004 0.0031564 0.0000000 0.0080910 0.0095251 0.0376390 0.0020591 0.0081906 0.0242422 0.0253838 0.0257638 0.0396048 0.0338036 0.0210485 0.0166885 0.0255524 0.0389421 0.0127164 0.0682002 0.0637153 0.0670995 0.0687347 0.0686203 0.0662267 0.0709375 0.0661680 0.0693454 0.0757627 0.0696285 0.0660379 0.0641171 0.0759064 0.0683629 0.0660296 0.0799209 0.0780037 0.0760796 0.0751183 0.0723376 0.0761596 0.0728378 0.0987780 0.0725181 0.0724483 0.1091425 0.0810991 0.1135656 0.1231093 0.0897466 0.0749297 0.0775135 0.0779507 0.1258420 0.0774266 0.0776551 
CO-MO-13   0.0986111 0.0923558 0.0996708 0.0903856 0.0905889 0.0900304 0.1190198 0.1002348 0.1221426 0.0961579 0.0604753 0.0060904 0.0080910 0.0000000 0.0689740 0.0915416 0.0073209 0.0462353 0.0722616 0.0513691 0.0669138 0.0813706 0.0725893 0.0502621 0.0575818 0.0491585 0.0733573 0.0412257 0.1164913 0.1108615 0.1147816 0.1156531 0.1156730 0.1138644 0.1185767 0.1140885 0.1166908 0.1239051 0.1166618 0.1122938 0.1113232 0.1248836 0.1155106 0.1124968 0.1262247 0.1245604 0.1238300 0.1242408 0.1201679 0.1248965 0.1197560 0.1462918 0.1197024 0.1199997 0.1576210 0.1288217 0.1640009 0.1728741 0.1393020 0.1241128 0.1249438 0.1260826 0.1815942 0.1227645 0.1237752 
CO-MO-14   0.0768502 0.0673930 0.0765159 0.0657702 0.0662494 0.0661423 0.0911557 0.0767176 0.0964843 0.0702044 0.0447114 0.0197352 0.0095251 0.0689740 0.0000000 0.0476129 0.0180906 0.0085727 0.0190940 0.0385690 0.0267782 0.0598538 0.0552432 0.0359940 0.0163654 0.0432187 0.0549331 0.0287805 0.0859169 0.0793812 0.0839420 0.0861444 0.0853080 0.0819893 0.0873331 0.0844784 0.0860070 0.0922379 0.0853316 0.0830284 0.0823774 0.0921594 0.0863959 0.0838471 0.0954442 0.0930337 0.0921027 0.0920709 0.0901761 0.0955350 0.0902452 0.1185961 0.0897002 0.0899761 0.1263721 0.0989082 0.1317903 0.1406888 0.1047693 0.0935826 0.0956167 0.0948517 0.1472260 0.0953840 0.0956725 
CO-MO-15   0.0701103 0.0620126 0.0703509 0.0613603 0.0623799 0.0618047 0.0868061 0.0679367 0.0870926 0.0637952 0.0790652 0.0345044 0.0376390 0.0915416 0.0476129 0.0000000 0.0430307 0.0383946 0.0327905 0.0460273 0.0428526 0.0954262 0.0919560 0.0539630 0.0165064 0.0413424 0.0697504 0.0455152 0.0782071 0.0757058 0.0766340 0.0788794 0.0797552 0.0752147 0.0806551 0.0783933 0.0796110 0.0849196 0.0800537 0.0757540 0.0778875 0.0872791 0.0775743 0.0756321 0.0871344 0.0848006 0.0852724 0.0844290 0.0854070 0.0893445 0.0850540 0.1131903 0.0850926 0.0851003 0.1195553 0.0931217 0.1240911 0.1335996 0.0999159 0.0857165 0.0908150 0.0912256 0.1349495 0.0897410 0.0900123 
CO-MO-16   0.0632782 0.0562615 0.0632979 0.0536206 0.0543233 0.0538733 0.0792175 0.0630232 0.0834928 0.0584361 0.0349056 0.0023404 0.0020591 0.0073209 0.0180906 0.0430307 0.0000000 0.0118717 0.0239741 0.0330149 0.0347602 0.0491807 0.0440370 0.0256370 0.0171445 0.0267244 0.0468785 0.0177008 0.0758199 0.0710558 0.0728932 0.0736426 0.0755713 0.0741341 0.0783196 0.0740749 0.0767483 0.0835721 0.0769180 0.0723138 0.0715162 0.0843782 0.0762827 0.0734902 0.0860487 0.0846878 0.0823465 0.0818832 0.0781016 0.0833180 0.0786680 0.1032304 0.0781171 0.0781576 0.1134413 0.0865982 0.1201207 0.1292011 0.0948612 0.0815754 0.0837829 0.0850266 0.1313255 0.0834277 0.0834193 
CO-MO-17   0.0552358 0.0455350 0.0557067 0.0443895 0.0452366 0.0442831 0.0696048 0.0522553 0.0732214 0.0486259 0.0247037 0.0106057 0.0081906 0.0462353 0.0085727 0.0383946 0.0118717 0.0000000 0.0155345 0.0028014 0.0196291 0.0378732 0.0309665 0.0210490 0.0132590 0.0213900 0.0131412 0.0129522 0.0627637 0.0589107 0.0617623 0.0626828 0.0645924 0.0612105 0.0647914 0.0621516 0.0633923 0.0699732 0.0652602 0.0604615 0.0603500 0.0701716 0.0622636 0.0623391 0.0738180 0.0727527 0.0709684 0.0691349 0.0666834 0.0712671 0.0671469 0.0904820 0.0665815 0.0667963 0.1033616 0.0771042 0.1103219 0.1193160 0.0857426 0.0707645 0.0731739 0.0754924 0.1203895 0.0747773 0.0751430 
CO-MO-18   0.0735426 0.0665614 0.0742547 0.0646342 0.0646630 0.0645714 0.0894721 0.0754183 0.0941988 0.0676416 0.0490142 0.0217074 0.0242422 0.0722616 0.0190940 0.0327905 0.0239741 0.0155345 0.0000000 0.0408573 0.0243626 0.0596454 0.0560486 0.0367083 0.0133624 0.0408728 0.0592996 0.0192279 0.0810331 0.0742398 0.0796002 0.0816978 0.0804561 0.0774286 0.0812266 0.0815797 0.0816562 0.0871143 0.0813042 0.0772326 0.0773958 0.0891582 0.0808597 0.0791802 0.0898159 0.0882039 0.0858235 0.0858015 0.0858278 0.0909670 0.0856336 0.1136970 0.0851536 0.0858909 0.1221833 0.0947046 0.1279125 0.1368874 0.1022909 0.0890003 0.0906127 0.0927070 0.1413747 0.0915579 0.0919075 
CO-MO-19   0.0496652 0.0423565 0.0510522 0.0420657 0.0430444 0.0420926 0.0653551 0.0494271 0.0685078 0.0444082 0.0159303 0.0216408 0.0253838 0.0513691 0.0385690 0.0460273 0.0330149 0.0028014 0.0408573 0.0000000 0.0281127 0.0357394 0.0294142 0.0167740 0.0211224 0.0238935 0.0007665 0.0138082 0.0576364 0.0540109 0.0582113 0.0591984 0.0600548 0.0553741 0.0589984 0.0585858 0.0585263 0.0667649 0.0591462 0.0553835 0.0562924 0.0655113 0.0582757 0.0579330 0.0689964 0.0670395 0.0644277 0.0643716 0.0627929 0.0655485 0.0623147 0.0871221 0.0627006 0.0628444 0.0972192 0.0721999 0.1035453 0.1138158 0.0809695 0.0639301 0.0697524 0.0724421 0.1114661 0.0681404 0.0688315 
CO-MO-20   0.0731463 0.0649441 0.0736022 0.0652502 0.0661468 0.0653442 0.0911567 0.0731225 0.0921652 0.0683092 0.0397888 0.0181513 0.0257638 0.0669138 0.0267782 0.0428526 0.0347602 0.0196291 0.0243626 0.0281127 0.0000000 0.0519952 0.0411499 0.0332541 0.0185093 0.0372784 0.0475358 0.0129322 0.0819574 0.0777407 0.0804096 0.0831385 0.0830632 0.0792944 0.0840461 0.0799168 0.0825401 0.0888448 0.0832159 0.0796803 0.0788258 0.0880284 0.0824382 0.0815769 0.0912744 0.0900269 0.0892973 0.0888079 0.0871289 0.0920660 0.0871731 0.1139344 0.0871198 0.0875311 0.1216846 0.0950966 0.1273298 0.1393085 0.1041555 0.0880077 0.0929279 0.0934887 0.1385051 0.0940894 0.0945172 
CO-MO-3    0.1048444 0.0945035 0.1050410 0.0952341 0.0953511 0.0948937 0.1219319 0.1041223 0.1278775 0.0976232 0.0078007 0.0384763 0.0396048 0.0813706 0.0598538 0.0954262 0.0491807 0.0378732 0.0596454 0.0357394 0.0519952 0.0000000 0.0066390 0.0338492 0.0526714 0.0513495 0.0550938 0.0272573 0.1155928 0.1108100 0.1156289 0.1182962 0.1167530 0.1126518 0.1195996 0.1140862 0.1174839 0.1231481 0.1167451 0.1128588 0.1121685 0.1230557 0.1152871 0.1133367 0.1251750 0.1270416 0.1233812 0.1242180 0.1225931 0.1256081 0.1223537 0.1502009 0.1220038 0.1223893 0.1582495 0.1300447 0.1677473 0.1756265 0.1413885 0.1246444 0.1292928 0.1267776 0.1740143 0.1263669 0.1265756 
CO-MO-4    0.1009789 0.0910689 0.1013556 0.0911245 0.0913277 0.0904885 0.1178042 0.1011956 0.1243321 0.0942169 0.0035625 0.0329045 0.0338036 0.0725893 0.0552432 0.0919560 0.0440370 0.0309665 0.0560486 0.0294142 0.0411499 0.0066390 0.0000000 0.0290486 0.0506604 0.0527312 0.0470262 0.0202716 0.1106181 0.1055240 0.1098235 0.1121762 0.1121440 0.1081113 0.1141206 0.1087301 0.1119631 0.1181791 0.1107278 0.1078585 0.1070904 0.1174973 0.1099859 0.1091999 0.1206574 0.1213968 0.1183538 0.1196047 0.1182625 0.1232960 0.1185326 0.1463661 0.1183827 0.1184874 0.1532229 0.1249915 0.1619950 0.1707583 0.1387347 0.1192911 0.1238190 0.1212191 0.1721515 0.1219693 0.1223360 
CO-MO-5    0.0548175 0.0507482 0.0559081 0.0504829 0.0506512 0.0498866 0.0735260 0.0579695 0.0770371 0.0530687 0.0217189 0.0228411 0.0210485 0.0502621 0.0359940 0.0539630 0.0256370 0.0210490 0.0367083 0.0167740 0.0332541 0.0338492 0.0290486 0.0000000 0.0079445 0.0260632 0.0298095 0.0204341 0.0673328 0.0628838 0.0662270 0.0677302 0.0673337 0.0632302 0.0705589 0.0667819 0.0689406 0.0747387 0.0676845 0.0642201 0.0635134 0.0736735 0.0671222 0.0660873 0.0774461 0.0771028 0.0733969 0.0725041 0.0706283 0.0748081 0.0710740 0.0950580 0.0706606 0.0709438 0.1045188 0.0779908 0.1128411 0.1206576 0.0878129 0.0736139 0.0759579 0.0772810 0.1213408 0.0767555 0.0770598 
CO-MO-6    0.0468450 0.0405778 0.0468979 0.0397489 0.0402353 0.0400194 0.0628868 0.0475846 0.0641285 0.0433603 0.0402706 0.0162781 0.0166885 0.0575818 0.0163654 0.0165064 0.0171445 0.0132590 0.0133624 0.0211224 0.0185093 0.0526714 0.0506604 0.0079445 0.0000000 0.0183629 0.0360824 0.0197024 0.0554205 0.0501597 0.0518228 0.0538420 0.0546214 0.0501271 0.0545982 0.0519306 0.0556578 0.0616200 0.0556600 0.0509835 0.0520616 0.0611013 0.0541491 0.0521485 0.0636785 0.0607835 0.0586095 0.0588968 0.0591602 0.0632501 0.0591520 0.0829736 0.0591185 0.0584690 0.0920907 0.0670027 0.0973168 0.1071024 0.0732488 0.0598756 0.0640306 0.0657876 0.1063708 0.0637657 0.0639733 
CO-MO-7    0.0474011 0.0382790 0.0481503 0.0422387 0.0428164 0.0419461 0.0662207 0.0477591 0.0660203 0.0459237 0.0419260 0.0231875 0.0255524 0.0491585 0.0432187 0.0413424 0.0267244 0.0213900 0.0408728 0.0238935 0.0372784 0.0513495 0.0527312 0.0260632 0.0183629 0.0000000 0.0432338 0.0297078 0.0580538 0.0523881 0.0555969 0.0580336 0.0600479 0.0534670 0.0573449 0.0558725 0.0583473 0.0647941 0.0583002 0.0535047 0.0543748 0.0627869 0.0569558 0.0535481 0.0652826 0.0659129 0.0625463 0.0616913 0.0625250 0.0635009 0.0616863 0.0853788 0.0620717 0.0619428 0.0931456 0.0688182 0.0986079 0.1090419 0.0793042 0.0623177 0.0665213 0.0660632 0.1062668 0.0655430 0.0657802 
CO-MO-8    0.0745544 0.0666252 0.0757437 0.0660082 0.0661812 0.0657771 0.0924144 0.0728675 0.0978678 0.0686451 0.0303031 0.0360670 0.0389421 0.0733573 0.0549331 0.0697504 0.0468785 0.0131412 0.0592996 0.0007665 0.0475358 0.0550938 0.0470262 0.0298095 0.0360824 0.0432338 0.0000000 0.0262569 0.0837962 0.0793516 0.0849298 0.0863180 0.0865033 0.0814691 0.0853971 0.0849065 0.0848222 0.0931016 0.0844401 0.0815620 0.0812602 0.0936790 0.0853455 0.0832628 0.0958358 0.0936911 0.0924086 0.0923889 0.0896255 0.0939998 0.0892751 0.1156970 0.0889739 0.0894813 0.1275403 0.0999633 0.1344905 0.1434865 0.1116099 0.0914320 0.0971660 0.1001160 0.1426332 0.0955424 0.0962137 
CO-MO-9    0.0619090 0.0554973 0.0624322 0.0562373 0.0570194 0.0564538 0.0811609 0.0631231 0.0821761 0.0576432 0.0182739 0.0111107 0.0127164 0.0412257 0.0287805 0.0455152 0.0177008 0.0129522 0.0192279 0.0138082 0.0129322 0.0272573 0.0202716 0.0204341 0.0197024 0.0297078 0.0262569 0.0000000 0.0696841 0.0647827 0.0690689 0.0704649 0.0708933 0.0685109 0.0717888 0.0681737 0.0698885 0.0771264 0.0707227 0.0676908 0.0684067 0.0775869 0.0695262 0.0679580 0.0790242 0.0782530 0.0761481 0.0748931 0.0748628 0.0801719 0.0749564 0.1003008 0.0748731 0.0748606 0.1092169 0.0822646 0.1152363 0.1235330 0.0927601 0.0769413 0.0819857 0.0814197 0.1274373 0.0786691 0.0790238 
CO-PB-1    0.0690532 0.0590859 0.0693856 0.0594284 0.0606540 0.0596981 0.0873476 0.0656725 0.0884117 0.0630763 0.0955734 0.0671292 0.0682002 0.1164913 0.0859169 0.0782071 0.0758199 0.0627637 0.0810331 0.0576364 0.0819574 0.1155928 0.1106181 0.0673328 0.0554205 0.0580538 0.0837962 0.0696841 0.0000000 0.0216734 0.0273054 0.0281002 0.0316422 0.0193393 0.0128317 0.0172921 0.0142409 0.0160498 0.0270741 0.0107264 0.0227678 0.0370266 0.0319142 0.0247916 0.0328497 0.0370868 0.0325691 0.0282059 0.0630835 0.0647721 0.0625745 0.0838498 0.0630639 0.0628078 0.0927586 0.0682021 0.0997969 0.1054487 0.0784921 0.0619721 0.0647495 0.0671962 0.1070995 0.0670815 0.0675054 
CO-PB-10   0.0640492 0.0569195 0.0641882 0.0543502 0.0552439 0.0542544 0.0815090 0.0610653 0.0843621 0.0602772 0.0913314 0.0613784 0.0637153 0.1108615 0.0793812 0.0757058 0.0710558 0.0589107 0.0742398 0.0540109 0.0777407 0.1108100 0.1055240 0.0628838 0.0501597 0.0523881 0.0793516 0.0647827 0.0216734 0.0000000 0.0259019 0.0286044 0.0255053 0.0202077 0.0226250 0.0204382 0.0209668 0.0294029 0.0263879 0.0216737 0.0258563 0.0302913 0.0259235 0.0228390 0.0272484 0.0285113 0.0242550 0.0288706 0.0569933 0.0598591 0.0568077 0.0793917 0.0567605 0.0567882 0.0846361 0.0610958 0.0945383 0.1001012 0.0731825 0.0565054 0.0635063 0.0615542 0.0962778 0.0610535 0.0611807 
CO-PB-11   0.0637286 0.0542617 0.0641279 0.0535302 0.0543797 0.0536150 0.0809197 0.0620186 0.0865477 0.0578345 0.0952146 0.0643106 0.0670995 0.1147816 0.0839420 0.0766340 0.0728932 0.0617623 0.0796002 0.0582113 0.0804096 0.1156289 0.1098235 0.0662270 0.0518228 0.0555969 0.0849298 0.0690689 0.0273054 0.0259019 0.0000000 0.0032063 0.0268838 0.0247684 0.0246720 0.0290273 0.0257202 0.0369489 0.0241185 0.0248244 0.0226440 0.0221622 0.0178300 0.0133049 0.0318460 0.0274504 0.0223349 0.0238716 0.0581987 0.0605847 0.0582042 0.0830704 0.0580488 0.0579620 0.0884452 0.0642933 0.0950386 0.1011827 0.0746329 0.0585097 0.0631840 0.0636736 0.0995600 0.0630791 0.0628380 
CO-PB-12   0.0679659 0.0567325 0.0682950 0.0573146 0.0580242 0.0576365 0.0839942 0.0639517 0.0883543 0.0621702 0.0982319 0.0669079 0.0687347 0.1156531 0.0861444 0.0788794 0.0736426 0.0626828 0.0816978 0.0591984 0.0831385 0.1182962 0.1121762 0.0677302 0.0538420 0.0580336 0.0863180 0.0704649 0.0281002 0.0286044 0.0032063 0.0000000 0.0348009 0.0245078 0.0270913 0.0241735 0.0242657 0.0342103 0.0319864 0.0109942 0.0298703 0.0305059 0.0259848 0.0236024 0.0301180 0.0322284 0.0302270 0.0342025 0.0628650 0.0644226 0.0622706 0.0843668 0.0626453 0.0627421 0.0894009 0.0654778 0.0980138 0.1054554 0.0768820 0.0604026 0.0648824 0.0659034 0.1034335 0.0646102 0.0652478 
CO-PB-13   0.0672997 0.0611401 0.0684153 0.0606396 0.0612673 0.0603880 0.0880863 0.0680521 0.0881435 0.0646721 0.0967732 0.0678815 0.0686203 0.1156730 0.0853080 0.0797552 0.0755713 0.0645924 0.0804561 0.0600548 0.0830632 0.1167530 0.1121440 0.0673337 0.0546214 0.0600479 0.0865033 0.0708933 0.0316422 0.0255053 0.0268838 0.0348009 0.0000000 0.0240290 0.0300215 0.0273459 0.0281726 0.0322929 0.0284636 0.0285380 0.0195429 0.0358536 0.0291563 0.0286763 0.0318589 0.0342191 0.0271974 0.0248892 0.0617100 0.0639035 0.0617083 0.0887404 0.0616779 0.0615121 0.0925912 0.0678774 0.0984121 0.1042274 0.0793928 0.0608931 0.0647819 0.0647895 0.1030882 0.0656301 0.0659163 
CO-PB-14   0.0615700 0.0547450 0.0623182 0.0538333 0.0545898 0.0543609 0.0803945 0.0604759 0.0836438 0.0566425 0.0937034 0.0649817 0.0662267 0.1138644 0.0819893 0.0752147 0.0741341 0.0612105 0.0774286 0.0553741 0.0792944 0.1126518 0.1081113 0.0632302 0.0501271 0.0534670 0.0814691 0.0685109 0.0193393 0.0202077 0.0247684 0.0245078 0.0240290 0.0000000 0.0202333 0.0202687 0.0205791 0.0295030 0.0224003 0.0190795 0.0238579 0.0315050 0.0263946 0.0223532 0.0263541 0.0312880 0.0244312 0.0305542 0.0565542 0.0587693 0.0565106 0.0811318 0.0566951 0.0567706 0.0859117 0.0627732 0.0930050 0.1010467 0.0731188 0.0570859 0.0598822 0.0636432 0.0985511 0.0615807 0.0617672 
CO-PB-15   0.0664418 0.0604523 0.0663250 0.0618857 0.0623292 0.0623825 0.0887379 0.0659638 0.0902041 0.0640901 0.0989350 0.0691475 0.0709375 0.1185767 0.0873331 0.0806551 0.0783196 0.0647914 0.0812266 0.0589984 0.0840461 0.1195996 0.1141206 0.0705589 0.0545982 0.0573449 0.0853971 0.0717888 0.0128317 0.0226250 0.0246720 0.0270913 0.0300215 0.0202333 0.0000000 0.0130992 0.0086712 0.0183700 0.0274296 0.0206850 0.0232330 0.0322663 0.0277072 0.0229021 0.0315751 0.0300401 0.0250007 0.0252519 0.0621853 0.0644608 0.0614834 0.0870098 0.0620112 0.0620653 0.0903286 0.0663747 0.1001041 0.1052894 0.0790619 0.0607880 0.0652202 0.0651981 0.1054480 0.0647270 0.0652100 
CO-PB-16   0.0663931 0.0579923 0.0665579 0.0581418 0.0590027 0.0584777 0.0849566 0.0635705 0.0879790 0.0618458 0.0946277 0.0663006 0.0661680 0.1140885 0.0844784 0.0783933 0.0740749 0.0621516 0.0815797 0.0585858 0.0799168 0.1140862 0.1087301 0.0667819 0.0519306 0.0558725 0.0849065 0.0681737 0.0172921 0.0204382 0.0290273 0.0241735 0.0273459 0.0202687 0.0130992 0.0000000 0.0081577 0.0199432 0.0222916 0.0221477 0.0222136 0.0301308 0.0263698 0.0254170 0.0281339 0.0347599 0.0313101 0.0293132 0.0629550 0.0633471 0.0625687 0.0853331 0.0629694 0.0625352 0.0901322 0.0662617 0.0962078 0.1039097 0.0763470 0.0595835 0.0656805 0.0656616 0.1030267 0.0642138 0.0642268 
CO-PB-17   0.0688997 0.0620463 0.0695741 0.0612300 0.0620942 0.0615127 0.0878708 0.0671548 0.0917234 0.0648770 0.0965805 0.0670865 0.0693454 0.1166908 0.0860070 0.0796110 0.0767483 0.0633923 0.0816562 0.0585263 0.0825401 0.1174839 0.1119631 0.0689406 0.0556578 0.0583473 0.0848222 0.0698885 0.0142409 0.0209668 0.0257202 0.0242657 0.0281726 0.0205791 0.0086712 0.0081577 0.0000000 0.0173909 0.0271412 0.0227840 0.0238250 0.0333289 0.0272823 0.0211159 0.0293998 0.0359261 0.0278015 0.0284400 0.0639929 0.0658043 0.0632295 0.0868980 0.0635307 0.0636780 0.0922362 0.0680112 0.1001606 0.1066331 0.0791367 0.0625150 0.0669072 0.0673308 0.1069913 0.0673158 0.0673383 
CO-PB-18   0.0749535 0.0665235 0.0757616 0.0649868 0.0654671 0.0651642 0.0931391 0.0725091 0.0972079 0.0701789 0.1036636 0.0744354 0.0757627 0.1239051 0.0922379 0.0849196 0.0835721 0.0699732 0.0871143 0.0667649 0.0888448 0.1231481 0.1181791 0.0747387 0.0616200 0.0647941 0.0931016 0.0771264 0.0160498 0.0294029 0.0369489 0.0342103 0.0322929 0.0295030 0.0183700 0.0199432 0.0173909 0.0000000 0.0267332 0.0296275 0.0339579 0.0341592 0.0365789 0.0251073 0.0157589 0.0421612 0.0327490 0.0289314 0.0691076 0.0711395 0.0686618 0.0927785 0.0690404 0.0692816 0.0969476 0.0734348 0.1049467 0.1117232 0.0835410 0.0686440 0.0714931 0.0756576 0.1101197 0.0732089 0.0738671 
CO-PB-19   0.0666223 0.0596285 0.0673022 0.0580339 0.0583559 0.0581280 0.0842436 0.0653587 0.0877886 0.0612356 0.0961036 0.0675616 0.0696285 0.1166618 0.0853316 0.0800537 0.0769180 0.0652602 0.0813042 0.0591462 0.0832159 0.1167451 0.1107278 0.0676845 0.0556600 0.0583002 0.0844401 0.0707227 0.0270741 0.0263879 0.0241185 0.0319864 0.0284636 0.0224003 0.0274296 0.0222916 0.0271412 0.0267332 0.0000000 0.0259795 0.0223998 0.0165532 0.0219404 0.0245000 0.0231277 0.0367223 0.0294227 0.0243701 0.0620316 0.0652086 0.0625210 0.0874882 0.0625177 0.0623443 0.0909444 0.0672314 0.0996694 0.1032773 0.0741386 0.0607948 0.0660733 0.0682593 0.1040085 0.0650795 0.0652247 
CO-PB-2    0.0640847 0.0552302 0.0646703 0.0555335 0.0558400 0.0554698 0.0815841 0.0618434 0.0843366 0.0582375 0.0930285 0.0638356 0.0660379 0.1122938 0.0830284 0.0757540 0.0723138 0.0604615 0.0772326 0.0553835 0.0796803 0.1128588 0.1078585 0.0642201 0.0509835 0.0535047 0.0815620 0.0676908 0.0107264 0.0216737 0.0248244 0.0109942 0.0285380 0.0190795 0.0206850 0.0221477 0.0227840 0.0296275 0.0259795 0.0000000 0.0238427 0.0306002 0.0248576 0.0260235 0.0325061 0.0364386 0.0296101 0.0288460 0.0592850 0.0613703 0.0588197 0.0811115 0.0591029 0.0590981 0.0866434 0.0629022 0.0961587 0.1020809 0.0760814 0.0577509 0.0619727 0.0647100 0.1065654 0.0625880 0.0630571 
CO-PB-20   0.0643059 0.0564086 0.0648583 0.0568421 0.0573062 0.0566544 0.0823040 0.0629777 0.0847106 0.0584907 0.0917544 0.0644501 0.0641171 0.1113232 0.0823774 0.0778875 0.0715162 0.0603500 0.0773958 0.0562924 0.0788258 0.1121685 0.1070904 0.0635134 0.0520616 0.0543748 0.0812602 0.0684067 0.0227678 0.0258563 0.0226440 0.0298703 0.0195429 0.0238579 0.0232330 0.0222136 0.0238250 0.0339579 0.0223998 0.0238427 0.0000000 0.0303882 0.0264109 0.0212902 0.0352526 0.0303696 0.0251388 0.0231414 0.0562447 0.0587335 0.0559620 0.0812951 0.0561191 0.0564605 0.0872101 0.0632167 0.0924043 0.1013351 0.0730244 0.0570693 0.0623655 0.0635611 0.0986313 0.0608037 0.0609936 
CO-PB-3    0.0735161 0.0643055 0.0738229 0.0626313 0.0636574 0.0629902 0.0902940 0.0742961 0.0965895 0.0657253 0.1029669 0.0734483 0.0759064 0.1248836 0.0921594 0.0872791 0.0843782 0.0701716 0.0891582 0.0655113 0.0880284 0.1230557 0.1174973 0.0736735 0.0611013 0.0627869 0.0936790 0.0775869 0.0370266 0.0302913 0.0221622 0.0305059 0.0358536 0.0315050 0.0322663 0.0301308 0.0333289 0.0341592 0.0165532 0.0306002 0.0303882 0.0000000 0.0188763 0.0311185 0.0276906 0.0389155 0.0288406 0.0290501 0.0690947 0.0726892 0.0695449 0.0961406 0.0692929 0.0691733 0.0982782 0.0742581 0.1077498 0.1144067 0.0855188 0.0697754 0.0732951 0.0744565 0.1157097 0.0724155 0.0723326 
CO-PB-4    0.0669176 0.0559884 0.0679389 0.0558979 0.0560813 0.0559892 0.0820836 0.0641710 0.0873871 0.0583771 0.0957951 0.0673908 0.0683629 0.1155106 0.0863959 0.0775743 0.0762827 0.0622636 0.0808597 0.0582757 0.0824382 0.1152871 0.1099859 0.0671222 0.0541491 0.0569558 0.0853455 0.0695262 0.0319142 0.0259235 0.0178300 0.0259848 0.0291563 0.0263946 0.0277072 0.0263698 0.0272823 0.0365789 0.0219404 0.0248576 0.0264109 0.0188763 0.0000000 0.0217765 0.0305171 0.0286011 0.0253606 0.0239087 0.0616786 0.0653288 0.0618583 0.0856708 0.0623119 0.0617117 0.0907179 0.0667031 0.1000554 0.1056626 0.0760102 0.0624752 0.0651626 0.0662790 0.1058978 0.0658996 0.0665620 
CO-PB-5    0.0642623 0.0561733 0.0648832 0.0560799 0.0570123 0.0560703 0.0824108 0.0622331 0.0877052 0.0595767 0.0947725 0.0650938 0.0660296 0.1124968 0.0838471 0.0756321 0.0734902 0.0623391 0.0791802 0.0579330 0.0815769 0.1133367 0.1091999 0.0660873 0.0521485 0.0535481 0.0832628 0.0679580 0.0247916 0.0228390 0.0133049 0.0236024 0.0286763 0.0223532 0.0229021 0.0254170 0.0211159 0.0251073 0.0245000 0.0260235 0.0212902 0.0311185 0.0217765 0.0000000 0.0279726 0.0197137 0.0183089 0.0207114 0.0572211 0.0601462 0.0572255 0.0789196 0.0574198 0.0575021 0.0858731 0.0616437 0.0947097 0.1004934 0.0715393 0.0571412 0.0632284 0.0625552 0.0982941 0.0614636 0.0615565 
CO-PB-6    0.0759739 0.0687621 0.0763685 0.0675468 0.0680651 0.0683428 0.0933304 0.0746996 0.1003934 0.0711791 0.1064736 0.0753923 0.0799209 0.1262247 0.0954442 0.0871344 0.0860487 0.0738180 0.0898159 0.0689964 0.0912744 0.1251750 0.1206574 0.0774461 0.0636785 0.0652826 0.0958358 0.0790242 0.0328497 0.0272484 0.0318460 0.0301180 0.0318589 0.0263541 0.0315751 0.0281339 0.0293998 0.0157589 0.0231277 0.0325061 0.0352526 0.0276906 0.0305171 0.0279726 0.0000000 0.0438198 0.0178465 0.0276888 0.0693093 0.0714738 0.0693724 0.0922430 0.0694789 0.0694548 0.1005693 0.0760173 0.1067892 0.1142031 0.0870578 0.0716101 0.0740776 0.0754493 0.1168993 0.0752144 0.0757602 
CO-PB-7    0.0757860 0.0661701 0.0761353 0.0661454 0.0667968 0.0663428 0.0934179 0.0734723 0.0978871 0.0710315 0.1064775 0.0745068 0.0780037 0.1245604 0.0930337 0.0848006 0.0846878 0.0727527 0.0882039 0.0670395 0.0900269 0.1270416 0.1213968 0.0771028 0.0607835 0.0659129 0.0936911 0.0782530 0.0370868 0.0285113 0.0274504 0.0322284 0.0342191 0.0312880 0.0300401 0.0347599 0.0359261 0.0421612 0.0367223 0.0364386 0.0303696 0.0389155 0.0286011 0.0197137 0.0438198 0.0000000 0.0181889 0.0344821 0.0684415 0.0699545 0.0680863 0.0914458 0.0682924 0.0683593 0.0958547 0.0723165 0.1071826 0.1105823 0.0850349 0.0675014 0.0713859 0.0722963 0.1101422 0.0693763 0.0694904 
CO-PB-8    0.0720659 0.0627862 0.0728505 0.0626766 0.0632681 0.0627902 0.0892592 0.0712757 0.0951251 0.0672718 0.1037968 0.0728399 0.0760796 0.1238300 0.0921027 0.0852724 0.0823465 0.0709684 0.0858235 0.0644277 0.0892973 0.1233812 0.1183538 0.0733969 0.0586095 0.0625463 0.0924086 0.0761481 0.0325691 0.0242550 0.0223349 0.0302270 0.0271974 0.0244312 0.0250007 0.0313101 0.0278015 0.0327490 0.0294227 0.0296101 0.0251388 0.0288406 0.0253606 0.0183089 0.0178465 0.0181889 0.0000000 0.0169573 0.0657013 0.0684223 0.0657008 0.0896578 0.0660951 0.0658169 0.0936152 0.0692826 0.1041607 0.1055806 0.0847683 0.0663296 0.0697421 0.0685354 0.1061086 0.0686248 0.0683727 
CO-PB-9    0.0713677 0.0627064 0.0727216 0.0615957 0.0623516 0.0617419 0.0891105 0.0700838 0.0946441 0.0657914 0.1057246 0.0722657 0.0751183 0.1242408 0.0920709 0.0844290 0.0818832 0.0691349 0.0858015 0.0643716 0.0888079 0.1242180 0.1196047 0.0725041 0.0588968 0.0616913 0.0923889 0.0748931 0.0282059 0.0288706 0.0238716 0.0342025 0.0248892 0.0305542 0.0252519 0.0293132 0.0284400 0.0289314 0.0243701 0.0288460 0.0231414 0.0290501 0.0239087 0.0207114 0.0276888 0.0344821 0.0169573 0.0000000 0.0673182 0.0703365 0.0668846 0.0943962 0.0672192 0.0673868 0.0960548 0.0715554 0.1008053 0.1083484 0.0833656 0.0665375 0.0696706 0.0710216 0.1072414 0.0689718 0.0695261 
CO-PK-10   0.0734896 0.0646164 0.0741667 0.0628321 0.0636048 0.0632954 0.0902996 0.0710371 0.0943422 0.0664285 0.1026400 0.0713293 0.0723376 0.1201679 0.0901761 0.0854070 0.0781016 0.0666834 0.0858278 0.0627929 0.0871289 0.1225931 0.1182625 0.0706283 0.0591602 0.0625250 0.0896255 0.0748628 0.0630835 0.0569933 0.0581987 0.0628650 0.0617100 0.0565542 0.0621853 0.0629550 0.0639929 0.0691076 0.0620316 0.0592850 0.0562447 0.0690947 0.0616786 0.0572211 0.0693093 0.0684415 0.0657013 0.0673182 0.0000000 0.0004351 0.0005720 0.0009454 0.0002533 0.0004454 0.0411524 0.0230460 0.0401971 0.0491526 0.0269076 0.0154200 0.0234690 0.0236408 0.0441201 0.0230496 0.0232638 
CO-PK-11   0.0761052 0.0681114 0.0761891 0.0655375 0.0665001 0.0660648 0.0922585 0.0733745 0.0974084 0.0690325 0.1069900 0.0756448 0.0761596 0.1248965 0.0955350 0.0893445 0.0833180 0.0712671 0.0909670 0.0655485 0.0920660 0.1256081 0.1232960 0.0748081 0.0632501 0.0635009 0.0939998 0.0801719 0.0647721 0.0598591 0.0605847 0.0644226 0.0639035 0.0587693 0.0644608 0.0633471 0.0658043 0.0711395 0.0652086 0.0613703 0.0587335 0.0726892 0.0653288 0.0601462 0.0714738 0.0699545 0.0684223 0.0703365 0.0004351 0.0000000 0.0003631 0.0029186 0.0004358 0.0004364 0.0429518 0.0248690 0.0432518 0.0532084 0.0301221 0.0158630 0.0251229 0.0243664 0.0466241 0.0251299 0.0259305 
CO-PK-12   0.0736684 0.0644606 0.0740283 0.0631166 0.0638751 0.0634321 0.0901925 0.0709958 0.0938750 0.0672852 0.1028510 0.0713787 0.0728378 0.1197560 0.0902452 0.0850540 0.0786680 0.0671469 0.0856336 0.0623147 0.0871731 0.1223537 0.1185326 0.0710740 0.0591520 0.0616863 0.0892751 0.0749564 0.0625745 0.0568077 0.0582042 0.0622706 0.0617083 0.0565106 0.0614834 0.0625687 0.0632295 0.0686618 0.0625210 0.0588197 0.0559620 0.0695449 0.0618583 0.0572255 0.0693724 0.0680863 0.0657008 0.0668846 0.0005720 0.0003631 0.0000000 0.0013248 0.0003168 0.0004451 0.0409088 0.0227910 0.0396026 0.0496897 0.0271873 0.0149577 0.0234562 0.0241150 0.0443719 0.0227819 0.0234529 
CO-PK-13   0.0969579 0.0881510 0.0981030 0.0862607 0.0869356 0.0863991 0.1148682 0.0940819 0.1184632 0.0924592 0.1294181 0.0954087 0.0987780 0.1462918 0.1185961 0.1131903 0.1032304 0.0904820 0.1136970 0.0871221 0.1139344 0.1502009 0.1463661 0.0950580 0.0829736 0.0853788 0.1156970 0.1003008 0.0838498 0.0793917 0.0830704 0.0843668 0.0887404 0.0811318 0.0870098 0.0853331 0.0868980 0.0927785 0.0874882 0.0811115 0.0812951 0.0961406 0.0856708 0.0789196 0.0922430 0.0914458 0.0896578 0.0943962 0.0009454 0.0029186 0.0013248 0.0000000 0.0007568 0.0011367 0.0591465 0.0400067 0.0634458 0.0708962 0.0432460 0.0273504 0.0397224 0.0373796 0.0638830 0.0419073 0.0425319 
CO-PK-14   0.0734134 0.0643628 0.0738827 0.0630451 0.0636241 0.0633469 0.0901476 0.0710106 0.0939343 0.0668442 0.1022754 0.0710029 0.0725181 0.1197024 0.0897002 0.0850926 0.0781171 0.0665815 0.0851536 0.0627006 0.0871198 0.1220038 0.1183827 0.0706606 0.0591185 0.0620717 0.0889739 0.0748731 0.0630639 0.0567605 0.0580488 0.0626453 0.0616779 0.0566951 0.0620112 0.0629694 0.0635307 0.0690404 0.0625177 0.0591029 0.0561191 0.0692929 0.0623119 0.0574198 0.0694789 0.0682924 0.0660951 0.0672192 0.0002533 0.0004358 0.0003168 0.0007568 0.0000000 0.0003177 0.0407371 0.0227740 0.0397583 0.0491507 0.0268047 0.0152557 0.0232857 0.0238622 0.0442218 0.0227661 0.0231346 
CO-PK-15   0.0738186 0.0645898 0.0742002 0.0630765 0.0642276 0.0635468 0.0901719 0.0713220 0.0939258 0.0668221 0.1028507 0.0712656 0.0724483 0.1199997 0.0899761 0.0851003 0.0781576 0.0667963 0.0858909 0.0628444 0.0875311 0.1223893 0.1184874 0.0709438 0.0584690 0.0619428 0.0894813 0.0748606 0.0628078 0.0567882 0.0579620 0.0627421 0.0615121 0.0567706 0.0620653 0.0625352 0.0636780 0.0692816 0.0623443 0.0590981 0.0564605 0.0691733 0.0617117 0.0575021 0.0694548 0.0683593 0.0658169 0.0673868 0.0004454 0.0004364 0.0004451 0.0011367 0.0003177 0.0000000 0.0414779 0.0231552 0.0400708 0.0490402 0.0265259 0.0154463 0.0235948 0.0231879 0.0435245 0.0225247 0.0229143 
CO-PK-16   0.1035890 0.0958397 0.1045085 0.0933239 0.0937354 0.0936911 0.1221819 0.1017444 0.1278894 0.0991722 0.1377259 0.1043488 0.1091425 0.1576210 0.1263721 0.1195553 0.1134413 0.1033616 0.1221833 0.0972192 0.1216846 0.1582495 0.1532229 0.1045188 0.0920907 0.0931456 0.1275403 0.1092169 0.0927586 0.0846361 0.0884452 0.0894009 0.0925912 0.0859117 0.0903286 0.0901322 0.0922362 0.0969476 0.0909444 0.0866434 0.0872101 0.0982782 0.0907179 0.0858731 0.1005693 0.0958547 0.0936152 0.0960548 0.0411524 0.0429518 0.0409088 0.0591465 0.0407371 0.0414779 0.0000000 0.0007708 0.0687491 0.0482520 0.0574505 0.0338525 0.0460020 0.0316281 0.0724426 0.0360896 0.0364812 
CO-PK-17   0.0782980 0.0703421 0.0788573 0.0681628 0.0686223 0.0684094 0.0959279 0.0774874 0.1022879 0.0738896 0.1100014 0.0783226 0.0810991 0.1288217 0.0989082 0.0931217 0.0865982 0.0771042 0.0947046 0.0721999 0.0950966 0.1300447 0.1249915 0.0779908 0.0670027 0.0688182 0.0999633 0.0822646 0.0682021 0.0610958 0.0642933 0.0654778 0.0678774 0.0627732 0.0663747 0.0662617 0.0680112 0.0734348 0.0672314 0.0629022 0.0632167 0.0742581 0.0667031 0.0616437 0.0760173 0.0723165 0.0692826 0.0715554 0.0230460 0.0248690 0.0227910 0.0400067 0.0227740 0.0231552 0.0007708 0.0000000 0.0483724 0.0200089 0.0369060 0.0214589 0.0302650 0.0166765 0.0463096 0.0173656 0.0174289 
CO-PK-18   0.1081057 0.1014717 0.1088601 0.1004393 0.1009772 0.1007368 0.1290387 0.1108773 0.1305193 0.1048141 0.1465948 0.1114735 0.1135656 0.1640009 0.1317903 0.1240911 0.1201207 0.1103219 0.1279125 0.1035453 0.1273298 0.1677473 0.1619950 0.1128411 0.0973168 0.0986079 0.1344905 0.1152363 0.0997969 0.0945383 0.0950386 0.0980138 0.0984121 0.0930050 0.1001041 0.0962078 0.1001606 0.1049467 0.0996694 0.0961587 0.0924043 0.1077498 0.1000554 0.0947097 0.1067892 0.1071826 0.1041607 0.1008053 0.0401971 0.0432518 0.0396026 0.0634458 0.0397583 0.0400708 0.0687491 0.0483724 0.0000000 0.0783227 0.0503407 0.0158911 0.0413904 0.0494104 0.0869859 0.0385019 0.0388238 
CO-PK-19   0.1230984 0.1133233 0.1234314 0.1098538 0.1108539 0.1098490 0.1397431 0.1212131 0.1453614 0.1160011 0.1548610 0.1201285 0.1231093 0.1728741 0.1406888 0.1335996 0.1292011 0.1193160 0.1368874 0.1138158 0.1393085 0.1756265 0.1707583 0.1206576 0.1071024 0.1090419 0.1434865 0.1235330 0.1054487 0.1001012 0.1011827 0.1054554 0.1042274 0.1010467 0.1052894 0.1039097 0.1066331 0.1117232 0.1032773 0.1020809 0.1013351 0.1144067 0.1056626 0.1004934 0.1142031 0.1105823 0.1055806 0.1083484 0.0491526 0.0532084 0.0496897 0.0708962 0.0491507 0.0490402 0.0482520 0.0200089 0.0783227 0.0000000 0.0630741 0.0458441 0.0491695 0.0385700 0.0759175 0.0161008 0.0163329 
CO-PK-2    0.0914598 0.0865385 0.0908878 0.0814900 0.0820269 0.0823215 0.1116218 0.0898128 0.1142989 0.0853724 0.1219439 0.0879707 0.0897466 0.1393020 0.1047693 0.0999159 0.0948612 0.0857426 0.1022909 0.0809695 0.1041555 0.1413885 0.1387347 0.0878129 0.0732488 0.0793042 0.1116099 0.0927601 0.0784921 0.0731825 0.0746329 0.0768820 0.0793928 0.0731188 0.0790619 0.0763470 0.0791367 0.0835410 0.0741386 0.0760814 0.0730244 0.0855188 0.0760102 0.0715393 0.0870578 0.0850349 0.0847683 0.0833656 0.0269076 0.0301221 0.0271873 0.0432460 0.0268047 0.0265259 0.0574505 0.0369060 0.0503407 0.0630741 0.0000000 0.0316648 0.0318532 0.0406708 0.0633536 0.0260811 0.0258737 
CO-PK-20   0.0718226 0.0652409 0.0726198 0.0632874 0.0639726 0.0633306 0.0901713 0.0709415 0.0939924 0.0683818 0.1043553 0.0736531 0.0749297 0.1241128 0.0935826 0.0857165 0.0815754 0.0707645 0.0890003 0.0639301 0.0880077 0.1246444 0.1192911 0.0736139 0.0598756 0.0623177 0.0914320 0.0769413 0.0619721 0.0565054 0.0585097 0.0604026 0.0608931 0.0570859 0.0607880 0.0595835 0.0625150 0.0686440 0.0607948 0.0577509 0.0570693 0.0697754 0.0624752 0.0571412 0.0716101 0.0675014 0.0663296 0.0665375 0.0154200 0.0158630 0.0149577 0.0273504 0.0152557 0.0154463 0.0338525 0.0214589 0.0158911 0.0458441 0.0316648 0.0000000 0.0245878 0.0232196 0.0411642 0.0216140 0.0222229 
