95
CO-AR-1    0.0000000 0.0222333 0.0178004 0.0007894 0.0183489 0.0007267 0.0007268 0.0006061 0.0009589 0.0280944 0.0178599 0.0080890 0.0006669 0.0002423 0.0209630 0.0003636 0.0111607 0.0004849 0.0242532 0.0419703 0.0707832 0.0908360 0.1168166 0.0955895 0.1174515 0.0759683 0.0828308 0.0951186 0.0370984 0.1126263 0.0677197 0.0679801 0.0731443 0.0206330 0.0038085 0.0213415 0.0005456 0.0004857 0.0004252 0.0005471 0.0155106 0.0427478 0.0008391 0.0746290 0.0477872 0.0479971 0.0847726 0.0622355 0.0585661 0.0513123 0.0424854 0.0613105 0.0404700 0.0619630 0.0890409 0.0849777 0.0476074 0.0381986 0.0404397 0.0624918 0.0536123 0.0559736 0.0514952 0.0512322 0.0544711 0.0570117 0.0511740 0.0585962 0.0547678 0.0579493 0.0614950 0.0545928 0.0523136 0.0532597 0.0592836 0.0522408 0.0536103 0.0638789 0.0626569 0.0592822 0.0583931 0.0596905 0.0618696 0.0598832 0.0597948 0.0598861 0.0873657 0.0644470 0.0943980 0.1017201 0.0597737 0.0647772 0.0637396 0.0644676 0.0648025 
CO-AR-10   0.0222333 0.0000000 0.0052280 0.0437000 0.0057406 0.0413402 0.0421828 0.0427969 0.0262762 0.0125269 0.0052240 0.0201929 0.0419231 0.0220820 0.0229253 0.0221612 0.0186860 0.0221568 0.0082839 0.0005372 0.0760725 0.0969726 0.1228964 0.0999019 0.1212854 0.0840518 0.0905450 0.1013112 0.0414616 0.1185038 0.0752395 0.0730130 0.0772955 0.0155613 0.0162317 0.0159715 0.0217536 0.0220838 0.0217361 0.0367438 0.0261663 0.0370664 0.0241036 0.0779757 0.0497974 0.0524511 0.0900997 0.0663165 0.0593139 0.0569714 0.0477200 0.0631679 0.0429097 0.0641317 0.0934985 0.0899899 0.0513600 0.0398417 0.0420279 0.0658708 0.0539369 0.0583875 0.0548991 0.0550951 0.0571611 0.0597698 0.0528888 0.0573310 0.0571830 0.0595233 0.0637917 0.0575413 0.0566044 0.0571836 0.0639116 0.0568987 0.0532381 0.0668318 0.0658227 0.0638615 0.0614581 0.0653235 0.0673724 0.0652691 0.0653714 0.0653676 0.0936864 0.0697163 0.0975917 0.1106681 0.0650835 0.0705191 0.0702541 0.0690629 0.0691459 
CO-AR-11   0.0178004 0.0052280 0.0000000 0.0407913 0.0006018 0.0358515 0.0366438 0.0402026 0.0237955 0.0006608 0.0003604 0.0201326 0.0367277 0.0176697 0.0193079 0.0174575 0.0175798 0.0181555 0.0115768 0.0192825 0.0728151 0.0939710 0.1171045 0.0967171 0.1183017 0.0792680 0.0878472 0.0970213 0.0398080 0.1160989 0.0715543 0.0702556 0.0735163 0.0176033 0.0146906 0.0176838 0.0175386 0.0177892 0.0175792 0.0311006 0.0288645 0.0368113 0.0219220 0.0757551 0.0479927 0.0505355 0.0869188 0.0657680 0.0596985 0.0554535 0.0455025 0.0639969 0.0414055 0.0633130 0.0912500 0.0884885 0.0488368 0.0398859 0.0398759 0.0627785 0.0533152 0.0573278 0.0520679 0.0541424 0.0563054 0.0577019 0.0516002 0.0570494 0.0549477 0.0582529 0.0621353 0.0570292 0.0535188 0.0527152 0.0613687 0.0542824 0.0514205 0.0647914 0.0630232 0.0620512 0.0608893 0.0634368 0.0651946 0.0637302 0.0632320 0.0631650 0.0905474 0.0671210 0.0942546 0.1038893 0.0615728 0.0671905 0.0676587 0.0656549 0.0657217 
CO-AR-12   0.0007894 0.0437000 0.0407913 0.0000000 0.0416676 0.0117368 0.0119177 0.0006882 0.0183236 0.0558058 0.0411769 0.0248169 0.0117339 0.0009715 0.0430603 0.0010331 0.0312670 0.0009714 0.0477004 0.0664461 0.1022142 0.1241690 0.1484991 0.1292076 0.1511666 0.1057293 0.1143717 0.1283822 0.0655924 0.1466412 0.1012889 0.1006526 0.1060333 0.0427528 0.0140107 0.0432706 0.0005463 0.0006694 0.0007306 0.0149526 0.0368924 0.0679561 0.0096755 0.1068488 0.0767794 0.0779575 0.1180539 0.0938485 0.0879197 0.0810561 0.0702973 0.0923670 0.0680692 0.0924944 0.1229364 0.1196298 0.0775881 0.0656110 0.0678636 0.0924019 0.0822709 0.0861536 0.0823134 0.0822962 0.0848537 0.0878845 0.0811811 0.0895935 0.0850897 0.0876555 0.0930364 0.0842204 0.0834165 0.0835598 0.0909020 0.0834769 0.0836937 0.0946811 0.0935237 0.0904222 0.0890082 0.0906005 0.0928214 0.0910810 0.0907783 0.0913575 0.1203143 0.0966951 0.1252950 0.1351166 0.0913580 0.0970248 0.0954843 0.0959054 0.0963172 
CO-AR-13   0.0183489 0.0057406 0.0006018 0.0416676 0.0000000 0.0367289 0.0374343 0.0410916 0.0243995 0.0010226 0.0004812 0.0206740 0.0372430 0.0183412 0.0201219 0.0179252 0.0186667 0.0186880 0.0122189 0.0199178 0.0739400 0.0949466 0.1185408 0.0982579 0.1190889 0.0799240 0.0887576 0.0984750 0.0405468 0.1172377 0.0723034 0.0706032 0.0744305 0.0177131 0.0153737 0.0184128 0.0181392 0.0184624 0.0178441 0.0320388 0.0290412 0.0371826 0.0230996 0.0772048 0.0496509 0.0514322 0.0881177 0.0672758 0.0611717 0.0570260 0.0462991 0.0652782 0.0423556 0.0647444 0.0924833 0.0898076 0.0501033 0.0413182 0.0406448 0.0637189 0.0550737 0.0583404 0.0530459 0.0552947 0.0572904 0.0586850 0.0526046 0.0584005 0.0562155 0.0595786 0.0634210 0.0584473 0.0544287 0.0540262 0.0628389 0.0555820 0.0531167 0.0665006 0.0644164 0.0633414 0.0618124 0.0653037 0.0665666 0.0648748 0.0651395 0.0648976 0.0916615 0.0684636 0.0955445 0.1053747 0.0624184 0.0683121 0.0690489 0.0667422 0.0671158 
CO-AR-14   0.0007267 0.0413402 0.0358515 0.0117368 0.0367289 0.0000000 0.0007499 0.0113555 0.0087198 0.0518598 0.0362505 0.0276669 0.0004035 0.0010912 0.0403977 0.0006663 0.0278954 0.0007266 0.0462003 0.0644463 0.0978256 0.1177683 0.1441222 0.1230986 0.1446769 0.1016672 0.1085695 0.1220995 0.0608308 0.1403072 0.0952723 0.0953227 0.1006313 0.0391390 0.0128217 0.0394358 0.0006050 0.0007898 0.0009113 0.0038919 0.0358253 0.0611689 0.0133230 0.1001885 0.0710191 0.0694774 0.1115849 0.0849039 0.0813324 0.0749104 0.0671346 0.0848148 0.0627682 0.0849150 0.1161308 0.1120268 0.0689740 0.0593723 0.0624699 0.0879125 0.0762970 0.0820532 0.0762273 0.0762150 0.0791681 0.0826633 0.0754371 0.0834316 0.0801456 0.0835331 0.0874791 0.0783506 0.0778329 0.0777875 0.0841927 0.0780736 0.0783973 0.0886979 0.0885780 0.0848003 0.0832281 0.0840088 0.0863657 0.0844369 0.0841837 0.0841533 0.1136088 0.0900471 0.1196976 0.1289176 0.0859496 0.0900402 0.0888165 0.0896856 0.0896771 
CO-AR-15   0.0007268 0.0421828 0.0366438 0.0119177 0.0374343 0.0007499 0.0000000 0.0119138 0.0088433 0.0522645 0.0365371 0.0278790 0.0004610 0.0009702 0.0410324 0.0005449 0.0285939 0.0007262 0.0463274 0.0651849 0.0987117 0.1184224 0.1451704 0.1237564 0.1463377 0.1023719 0.1092986 0.1228149 0.0609660 0.1408674 0.0957607 0.0958973 0.1010629 0.0394544 0.0124946 0.0402013 0.0007269 0.0004859 0.0006682 0.0044315 0.0364445 0.0612598 0.0137755 0.1003288 0.0717128 0.0697420 0.1117466 0.0860302 0.0823233 0.0759762 0.0675590 0.0848055 0.0636927 0.0856296 0.1167222 0.1126064 0.0690115 0.0604441 0.0628165 0.0879864 0.0775292 0.0828318 0.0769890 0.0767777 0.0797825 0.0828768 0.0762638 0.0839396 0.0812977 0.0838289 0.0874466 0.0792419 0.0783532 0.0784767 0.0850781 0.0788103 0.0790003 0.0895101 0.0888024 0.0860756 0.0838046 0.0853276 0.0873329 0.0853102 0.0850622 0.0854262 0.1145321 0.0906037 0.1207117 0.1298308 0.0867143 0.0903841 0.0898083 0.0907504 0.0906299 
CO-AR-16   0.0006061 0.0427969 0.0402026 0.0006882 0.0410916 0.0113555 0.0119138 0.0000000 0.0177897 0.0553644 0.0404581 0.0237979 0.0116095 0.0009095 0.0429660 0.0007884 0.0309116 0.0007883 0.0471656 0.0660598 0.1012870 0.1232020 0.1475903 0.1282532 0.1499856 0.1044657 0.1134982 0.1265022 0.0644862 0.1458060 0.0999676 0.0995146 0.1052462 0.0421992 0.0134837 0.0424074 0.0005456 0.0008505 0.0005469 0.0146429 0.0363993 0.0670238 0.0091572 0.1060472 0.0757412 0.0772446 0.1170247 0.0929416 0.0873080 0.0799871 0.0701504 0.0918437 0.0673868 0.0917497 0.1220444 0.1182627 0.0764368 0.0644425 0.0669494 0.0918538 0.0813709 0.0843774 0.0812494 0.0813414 0.0837169 0.0869900 0.0804877 0.0883291 0.0842740 0.0870985 0.0923128 0.0836311 0.0822857 0.0822135 0.0896229 0.0821707 0.0828972 0.0936986 0.0925892 0.0894046 0.0880001 0.0895961 0.0915127 0.0900547 0.0897353 0.0895539 0.1193351 0.0951471 0.1241513 0.1339803 0.0901167 0.0960880 0.0936927 0.0943885 0.0945619 
CO-AR-17   0.0009589 0.0262762 0.0237955 0.0183236 0.0243995 0.0087198 0.0088433 0.0177897 0.0000000 0.0356940 0.0237718 0.0119769 0.0087842 0.0010877 0.0146788 0.0008962 0.0156864 0.0011521 0.0328713 0.0495218 0.0773283 0.0987187 0.1237843 0.1016941 0.1219195 0.0814824 0.0886495 0.1031479 0.0428173 0.1209419 0.0749046 0.0753500 0.0797277 0.0278555 0.0120060 0.0281491 0.0012815 0.0010269 0.0009612 0.0098320 0.0279480 0.0301775 0.0064439 0.0768855 0.0525234 0.0535184 0.0917194 0.0685234 0.0632338 0.0588911 0.0489417 0.0668255 0.0447805 0.0667409 0.0911044 0.0879889 0.0519686 0.0437017 0.0444780 0.0674861 0.0573088 0.0613430 0.0574246 0.0587688 0.0614120 0.0623035 0.0561756 0.0626151 0.0599273 0.0649632 0.0669841 0.0598277 0.0580177 0.0587151 0.0657543 0.0582188 0.0572059 0.0683888 0.0691062 0.0648002 0.0640827 0.0658889 0.0682831 0.0656866 0.0660295 0.0657980 0.0950898 0.0716185 0.1005069 0.1100526 0.0668027 0.0705606 0.0703595 0.0715718 0.0718032 
CO-AR-18   0.0280944 0.0125269 0.0006608 0.0558058 0.0010226 0.0518598 0.0522645 0.0553644 0.0356940 0.0000000 0.0007805 0.0343312 0.0522241 0.0280190 0.0322010 0.0278864 0.0325805 0.0283554 0.0242400 0.0354343 0.0935647 0.1146153 0.1370746 0.1172272 0.1379080 0.0975129 0.1079702 0.1167092 0.0573125 0.1361135 0.0911832 0.0890750 0.0926959 0.0289534 0.0268700 0.0295308 0.0279826 0.0278936 0.0275450 0.0450728 0.0442758 0.0537414 0.0337891 0.0939821 0.0647271 0.0657814 0.1051375 0.0839914 0.0769838 0.0717462 0.0615809 0.0804000 0.0582638 0.0811107 0.1112925 0.1081788 0.0653676 0.0572941 0.0555277 0.0805949 0.0703857 0.0775294 0.0711345 0.0725223 0.0750303 0.0764497 0.0714955 0.0754341 0.0737680 0.0777744 0.0806229 0.0755164 0.0715251 0.0703954 0.0796648 0.0734379 0.0701551 0.0834907 0.0813919 0.0804431 0.0794077 0.0833640 0.0856154 0.0828920 0.0828095 0.0834386 0.1107711 0.0863705 0.1141387 0.1245662 0.0803297 0.0860608 0.0869753 0.0860361 0.0860953 
CO-AR-19   0.0178599 0.0052240 0.0003604 0.0411769 0.0004812 0.0362505 0.0365371 0.0404581 0.0237718 0.0007805 0.0000000 0.0199809 0.0366915 0.0175844 0.0198536 0.0175133 0.0182484 0.0180711 0.0115074 0.0193966 0.0737137 0.0947147 0.1181695 0.0968121 0.1186900 0.0796225 0.0877142 0.0971827 0.0397210 0.1165442 0.0722416 0.0704445 0.0737225 0.0177198 0.0146088 0.0182155 0.0178721 0.0177011 0.0174940 0.0315661 0.0291361 0.0368460 0.0222596 0.0763380 0.0488297 0.0508259 0.0873301 0.0665003 0.0602220 0.0560415 0.0457882 0.0639544 0.0416028 0.0644770 0.0918986 0.0891467 0.0490258 0.0405389 0.0402204 0.0628883 0.0540788 0.0576823 0.0526804 0.0545284 0.0566827 0.0576673 0.0518807 0.0575576 0.0556554 0.0587669 0.0620556 0.0572786 0.0540403 0.0529744 0.0619027 0.0545434 0.0516808 0.0649922 0.0632203 0.0618050 0.0607671 0.0642628 0.0656804 0.0641731 0.0640736 0.0638278 0.0913198 0.0672957 0.0947885 0.1046414 0.0621231 0.0680235 0.0681362 0.0659987 0.0662285 
CO-AR-2    0.0080890 0.0201929 0.0201326 0.0248169 0.0206740 0.0276669 0.0278790 0.0237979 0.0119769 0.0343312 0.0199809 0.0000000 0.0281618 0.0080177 0.0024410 0.0080818 0.0023889 0.0084156 0.0300648 0.0415327 0.0746331 0.0954563 0.1214938 0.1005624 0.1191988 0.0800378 0.0884416 0.1032097 0.0411715 0.1180004 0.0723798 0.0731319 0.0771096 0.0269352 0.0017513 0.0272181 0.0080871 0.0085051 0.0079714 0.0230115 0.0237898 0.0343996 0.0135424 0.0754760 0.0495829 0.0498465 0.0876341 0.0657418 0.0601815 0.0547901 0.0452228 0.0647761 0.0432501 0.0639726 0.0898047 0.0859966 0.0498804 0.0403496 0.0422213 0.0647368 0.0543739 0.0584177 0.0549388 0.0528759 0.0554331 0.0599391 0.0528409 0.0589608 0.0567663 0.0609096 0.0657523 0.0589815 0.0542075 0.0546068 0.0650624 0.0555977 0.0548443 0.0679649 0.0649642 0.0613440 0.0612860 0.0649658 0.0669687 0.0653300 0.0651605 0.0647631 0.0946721 0.0725774 0.0988447 0.1095052 0.0646091 0.0706398 0.0711811 0.0714115 0.0716925 
CO-AR-20   0.0006669 0.0419231 0.0367277 0.0117339 0.0372430 0.0004035 0.0004610 0.0116095 0.0087842 0.0522241 0.0366915 0.0281618 0.0000000 0.0011519 0.0409805 0.0007266 0.0286702 0.0006660 0.0466194 0.0649370 0.0982352 0.1182269 0.1451827 0.1237026 0.1461592 0.1021287 0.1089604 0.1227547 0.0609471 0.1413130 0.0959317 0.0960567 0.1009316 0.0393659 0.0126959 0.0401772 0.0005454 0.0004860 0.0006077 0.0043134 0.0360257 0.0614908 0.0135178 0.1004327 0.0715766 0.0695483 0.1116800 0.0855926 0.0822089 0.0757803 0.0672641 0.0848919 0.0633153 0.0853426 0.1164384 0.1124982 0.0691471 0.0604876 0.0628465 0.0880724 0.0765967 0.0828171 0.0767128 0.0766770 0.0796184 0.0827719 0.0758988 0.0838897 0.0808760 0.0839032 0.0875997 0.0791296 0.0784180 0.0781883 0.0849495 0.0785255 0.0789558 0.0895633 0.0890936 0.0856880 0.0836260 0.0846512 0.0868331 0.0850297 0.0849724 0.0853292 0.1142884 0.0906587 0.1204730 0.1299065 0.0864295 0.0901564 0.0895730 0.0905052 0.0903366 
CO-AR-3    0.0002423 0.0220820 0.0176697 0.0009715 0.0183412 0.0010912 0.0009702 0.0009095 0.0010877 0.0280190 0.0175844 0.0080177 0.0011519 0.0000000 0.0213145 0.0004847 0.0112917 0.0003024 0.0245149 0.0418204 0.0710544 0.0908445 0.1173996 0.0954806 0.1178152 0.0765698 0.0833364 0.0955417 0.0374684 0.1126979 0.0681470 0.0682674 0.0733209 0.0206212 0.0038075 0.0214042 0.0004845 0.0004251 0.0003034 0.0007905 0.0159888 0.0428515 0.0008387 0.0749620 0.0476201 0.0473027 0.0850853 0.0624181 0.0584628 0.0511122 0.0421319 0.0610261 0.0404282 0.0618384 0.0894625 0.0853012 0.0476534 0.0379405 0.0403225 0.0623053 0.0538147 0.0564273 0.0518488 0.0512802 0.0547089 0.0574718 0.0515657 0.0588237 0.0547319 0.0584200 0.0616644 0.0547713 0.0527809 0.0538075 0.0593245 0.0527686 0.0535648 0.0640152 0.0628485 0.0592479 0.0586036 0.0600265 0.0620949 0.0604032 0.0601668 0.0599954 0.0878464 0.0648108 0.0944804 0.1014962 0.0602870 0.0649500 0.0640928 0.0650552 0.0651383 
CO-AR-4    0.0209630 0.0229253 0.0193079 0.0430603 0.0201219 0.0403977 0.0410324 0.0429660 0.0146788 0.0322010 0.0198536 0.0024410 0.0409805 0.0213145 0.0000000 0.0209014 0.0023684 0.0213935 0.0334484 0.0450873 0.0746911 0.0944134 0.1202207 0.0992677 0.1175357 0.0818520 0.0863070 0.1008804 0.0413761 0.1173071 0.0715516 0.0718166 0.0767011 0.0245963 0.0218671 0.0248744 0.0206964 0.0208873 0.0207413 0.0362444 0.0247550 0.0181236 0.0129676 0.0757690 0.0491387 0.0504457 0.0872818 0.0662234 0.0586629 0.0548562 0.0450293 0.0642109 0.0418315 0.0620930 0.0914797 0.0874003 0.0495879 0.0391408 0.0404193 0.0643731 0.0547088 0.0569219 0.0531502 0.0541381 0.0560828 0.0572721 0.0518512 0.0571411 0.0564649 0.0611224 0.0634215 0.0575377 0.0525023 0.0532688 0.0614702 0.0564864 0.0540529 0.0655531 0.0635771 0.0612647 0.0614115 0.0642762 0.0670035 0.0642352 0.0643826 0.0648076 0.0930679 0.0720496 0.0965540 0.1076367 0.0638256 0.0677862 0.0677996 0.0694339 0.0701605 
CO-AR-5    0.0003636 0.0221612 0.0174575 0.0010331 0.0179252 0.0006663 0.0005449 0.0007884 0.0008962 0.0278864 0.0175133 0.0080818 0.0007266 0.0004847 0.0209014 0.0000000 0.0110961 0.0006061 0.0241769 0.0420260 0.0705045 0.0904676 0.1168552 0.0954645 0.1173552 0.0762260 0.0829117 0.0953515 0.0371910 0.1120812 0.0675409 0.0677034 0.0732143 0.0204926 0.0038706 0.0212091 0.0007882 0.0006074 0.0005466 0.0004248 0.0155056 0.0424357 0.0009035 0.0746129 0.0474888 0.0475768 0.0846336 0.0621492 0.0581687 0.0511473 0.0423097 0.0610550 0.0403123 0.0618684 0.0887072 0.0848039 0.0476002 0.0379626 0.0399502 0.0621054 0.0531150 0.0561446 0.0516418 0.0510780 0.0543112 0.0572653 0.0509213 0.0583582 0.0548694 0.0577993 0.0614567 0.0545060 0.0522473 0.0533418 0.0594956 0.0523175 0.0531042 0.0637312 0.0623124 0.0589242 0.0580594 0.0599195 0.0618047 0.0597986 0.0597264 0.0598125 0.0872204 0.0644467 0.0941966 0.1017900 0.0599058 0.0645066 0.0637879 0.0646391 0.0647898 
CO-AR-6    0.0111607 0.0186860 0.0175798 0.0312670 0.0186667 0.0278954 0.0285939 0.0309116 0.0156864 0.0325805 0.0182484 0.0023889 0.0286702 0.0112917 0.0023684 0.0110961 0.0000000 0.0116973 0.0287036 0.0384180 0.0759620 0.0970118 0.1218428 0.0998301 0.1206995 0.0799185 0.0885141 0.1025800 0.0416853 0.1182520 0.0736146 0.0730669 0.0783384 0.0219251 0.0021337 0.0225462 0.0111667 0.0113951 0.0111899 0.0263408 0.0232357 0.0278923 0.0153953 0.0736603 0.0498836 0.0497505 0.0880803 0.0647865 0.0574455 0.0544149 0.0435525 0.0643023 0.0400603 0.0623915 0.0895047 0.0844649 0.0472947 0.0379046 0.0398551 0.0623281 0.0537901 0.0581921 0.0552496 0.0543237 0.0571586 0.0588716 0.0524743 0.0591162 0.0560419 0.0614053 0.0653617 0.0574693 0.0542652 0.0544850 0.0653342 0.0568409 0.0554643 0.0671911 0.0646994 0.0615660 0.0621486 0.0642116 0.0676199 0.0645843 0.0643994 0.0640900 0.0930732 0.0717518 0.0981531 0.1100626 0.0637788 0.0687804 0.0701212 0.0703701 0.0704015 
CO-AR-7    0.0004849 0.0221568 0.0181555 0.0009714 0.0186880 0.0007266 0.0007262 0.0007883 0.0011521 0.0283554 0.0180711 0.0084156 0.0006660 0.0003024 0.0213935 0.0006061 0.0116973 0.0000000 0.0245730 0.0417367 0.0716961 0.0911001 0.1177587 0.0958690 0.1183468 0.0766151 0.0838503 0.0960357 0.0382596 0.1131243 0.0685629 0.0685385 0.0736664 0.0206286 0.0038066 0.0210618 0.0005453 0.0002429 0.0004242 0.0010332 0.0158385 0.0433628 0.0011618 0.0758481 0.0484799 0.0478639 0.0858665 0.0629095 0.0590773 0.0518193 0.0430626 0.0615029 0.0410662 0.0624439 0.0898300 0.0862033 0.0485914 0.0384193 0.0407955 0.0631466 0.0539699 0.0571081 0.0522464 0.0512936 0.0549701 0.0579461 0.0519806 0.0590960 0.0553393 0.0589362 0.0619506 0.0551277 0.0530215 0.0542915 0.0597462 0.0531852 0.0540725 0.0643709 0.0630953 0.0596949 0.0590269 0.0605091 0.0621997 0.0607281 0.0606591 0.0607362 0.0882048 0.0655474 0.0949261 0.1024396 0.0606978 0.0653597 0.0642397 0.0657257 0.0656385 
CO-AR-8    0.0242532 0.0082839 0.0115768 0.0477004 0.0122189 0.0462003 0.0463274 0.0471656 0.0328713 0.0242400 0.0115074 0.0300648 0.0466194 0.0245149 0.0334484 0.0241769 0.0287036 0.0245730 0.0000000 0.0176267 0.0827157 0.1030963 0.1296184 0.1063654 0.1296015 0.0881833 0.0959595 0.1092280 0.0502330 0.1253822 0.0813586 0.0806687 0.0840666 0.0212748 0.0228125 0.0220362 0.0246035 0.0247364 0.0247822 0.0385146 0.0303376 0.0540272 0.0319861 0.0840927 0.0570654 0.0590733 0.0987498 0.0733504 0.0671129 0.0643149 0.0531620 0.0698994 0.0499261 0.0707292 0.1000993 0.0960835 0.0567573 0.0456078 0.0474393 0.0714839 0.0618415 0.0659615 0.0623094 0.0634176 0.0649330 0.0647049 0.0605667 0.0646034 0.0636614 0.0660943 0.0728807 0.0666153 0.0625469 0.0633978 0.0719922 0.0647108 0.0628545 0.0734462 0.0739350 0.0729381 0.0691231 0.0731825 0.0756452 0.0729059 0.0729351 0.0730992 0.1027538 0.0791872 0.1063320 0.1170531 0.0726005 0.0764480 0.0778427 0.0768167 0.0771278 
CO-AR-9    0.0419703 0.0005372 0.0192825 0.0664461 0.0199178 0.0644463 0.0651849 0.0660598 0.0495218 0.0354343 0.0193966 0.0415327 0.0649370 0.0418204 0.0450873 0.0420260 0.0384180 0.0417367 0.0176267 0.0000000 0.1041343 0.1247422 0.1500985 0.1264200 0.1488417 0.1109659 0.1179127 0.1294532 0.0658092 0.1465733 0.1030301 0.1008043 0.1050727 0.0290682 0.0356670 0.0294934 0.0412923 0.0415905 0.0414560 0.0607986 0.0427262 0.0636254 0.0455835 0.1056267 0.0731388 0.0768024 0.1178085 0.0928648 0.0859746 0.0824639 0.0726965 0.0896377 0.0676330 0.0897200 0.1218911 0.1181949 0.0762418 0.0633934 0.0662791 0.0918677 0.0803237 0.0845358 0.0804935 0.0799198 0.0828034 0.0858816 0.0780919 0.0815645 0.0826115 0.0841248 0.0914145 0.0826308 0.0825087 0.0838045 0.0911422 0.0831948 0.0788376 0.0926175 0.0917717 0.0893029 0.0867708 0.0926002 0.0942154 0.0927307 0.0927703 0.0929165 0.1216956 0.0974953 0.1262401 0.1386605 0.0926791 0.0971776 0.0981434 0.0956949 0.0962098 
CO-CH-11   0.0707832 0.0760725 0.0728151 0.1022142 0.0739400 0.0978256 0.0987117 0.1012870 0.0773283 0.0935647 0.0737137 0.0746331 0.0982352 0.0710544 0.0746911 0.0705045 0.0759620 0.0716961 0.0827157 0.1041343 0.0000000 0.0327257 0.0842851 0.0986565 0.1104422 0.0863484 0.0896988 0.1020722 0.0431292 0.0491491 0.0222007 0.0384773 0.0246849 0.0780963 0.0718506 0.0792015 0.0703172 0.0708942 0.0702178 0.0967253 0.0779560 0.1022380 0.0747272 0.1061497 0.0774422 0.0796004 0.1273041 0.0961489 0.0913196 0.0868330 0.0762397 0.0906898 0.0706509 0.0923094 0.1245064 0.1203236 0.0771377 0.0651618 0.0700485 0.0973592 0.0818861 0.0644869 0.0611939 0.0604563 0.0631903 0.0659868 0.0626690 0.0669254 0.0654807 0.0661434 0.0719593 0.0656762 0.0622039 0.0615087 0.0710526 0.0656073 0.0607093 0.0728789 0.0721732 0.0681811 0.0693525 0.0687243 0.0724091 0.0694684 0.0691628 0.0693215 0.0968178 0.0744949 0.1034930 0.1103192 0.0672020 0.0729491 0.0736973 0.0727657 0.0723844 
CO-CH-12   0.0908360 0.0969726 0.0939710 0.1241690 0.0949466 0.1177683 0.1184224 0.1232020 0.0987187 0.1146153 0.0947147 0.0954563 0.1182269 0.0908445 0.0944134 0.0904676 0.0970118 0.0911001 0.1030963 0.1247422 0.0327257 0.0000000 0.1048905 0.1190017 0.1350551 0.1078214 0.1099660 0.1265681 0.0614364 0.0312090 0.0353938 0.0562061 0.0363592 0.0990268 0.0926652 0.1002913 0.0904728 0.0908009 0.0904695 0.1180136 0.1004260 0.1238479 0.0963764 0.1292448 0.1009546 0.1017787 0.1510530 0.1200852 0.1143925 0.1099469 0.0993655 0.1154709 0.0929400 0.1154762 0.1476686 0.1435142 0.0987459 0.0896823 0.0903604 0.1192838 0.1050705 0.0881708 0.0833904 0.0816503 0.0846796 0.0874778 0.0834853 0.0895720 0.0888251 0.0888642 0.0937185 0.0883177 0.0837729 0.0839334 0.0928383 0.0876598 0.0842123 0.0960570 0.0927807 0.0907332 0.0920179 0.0902848 0.0929967 0.0908605 0.0905630 0.0908752 0.1210111 0.0969249 0.1249813 0.1357837 0.0898500 0.0927203 0.0956174 0.0952502 0.0953850 
CO-CH-2    0.1168166 0.1228964 0.1171045 0.1484991 0.1185408 0.1441222 0.1451704 0.1475903 0.1237843 0.1370746 0.1181695 0.1214938 0.1451827 0.1173996 0.1202207 0.1168552 0.1218428 0.1177587 0.1296184 0.1500985 0.0842851 0.1048905 0.0000000 0.1479054 0.1568623 0.1369006 0.1354496 0.1505680 0.0860461 0.1283267 0.0815545 0.0742615 0.0855912 0.1257722 0.1195735 0.1261479 0.1167117 0.1175482 0.1172515 0.1447949 0.1231596 0.1460722 0.1208100 0.1542817 0.1240883 0.1259215 0.1713178 0.1435263 0.1380733 0.1332808 0.1207236 0.1389220 0.1149273 0.1368029 0.1709723 0.1676939 0.1217745 0.1124273 0.1159623 0.1420929 0.1268421 0.1138357 0.1087708 0.1085327 0.1113474 0.1117182 0.1088273 0.1144796 0.1151475 0.1143385 0.1207694 0.1125056 0.1097271 0.1109134 0.1192355 0.1112647 0.1099177 0.1191045 0.1209711 0.1175588 0.1173751 0.1145437 0.1182474 0.1147313 0.1147939 0.1142848 0.1432502 0.1204666 0.1512304 0.1571458 0.1153830 0.1190082 0.1193614 0.1198066 0.1196620 
CO-CH-21   0.0955895 0.0999019 0.0967171 0.1292076 0.0982579 0.1230986 0.1237564 0.1282532 0.1016941 0.1172272 0.0968121 0.1005624 0.1237026 0.0954806 0.0992677 0.0954645 0.0998301 0.0958690 0.1063654 0.1264200 0.0986565 0.1190017 0.1479054 0.0000000 0.1345008 0.1155998 0.1187620 0.1335025 0.0690721 0.1389972 0.0955747 0.0948321 0.1003655 0.1058034 0.0973186 0.1064346 0.0954827 0.0954086 0.0954255 0.1232035 0.1031171 0.1261075 0.0994606 0.1351512 0.1048990 0.1062227 0.1529839 0.1229310 0.1194742 0.1136670 0.1016801 0.1205413 0.0991428 0.1216094 0.1523106 0.1487156 0.1057521 0.0937072 0.0951552 0.1254784 0.1092984 0.0985438 0.0925033 0.0943151 0.0967874 0.0956405 0.0905805 0.0989796 0.0987158 0.0995277 0.1034692 0.0961014 0.0941005 0.0942216 0.1050559 0.0962648 0.0928755 0.1047596 0.1043488 0.1015413 0.1011329 0.0981581 0.1016938 0.0981419 0.0979779 0.0977149 0.1264520 0.1026375 0.1382842 0.1417125 0.0988296 0.1009707 0.1039030 0.1015509 0.1018111 
CO-CH-23   0.1174515 0.1212854 0.1183017 0.1511666 0.1190889 0.1446769 0.1463377 0.1499856 0.1219195 0.1379080 0.1186900 0.1191988 0.1461592 0.1178152 0.1175357 0.1173552 0.1206995 0.1183468 0.1296015 0.1488417 0.1104422 0.1350551 0.1568623 0.1345008 0.0000000 0.1335395 0.1373258 0.1482209 0.0851346 0.1538044 0.1096948 0.1076920 0.1133074 0.1245845 0.1172977 0.1249176 0.1176371 0.1179609 0.1174307 0.1445653 0.1239190 0.1453624 0.1193418 0.1533302 0.1233708 0.1268100 0.1734143 0.1431166 0.1342415 0.1336067 0.1243659 0.1387485 0.1158036 0.1380909 0.1702358 0.1670484 0.1250631 0.1105435 0.1124226 0.1452586 0.1270356 0.1112875 0.1052294 0.1089404 0.1117261 0.1109528 0.1044867 0.1119978 0.1102141 0.1115776 0.1175745 0.1108970 0.1078378 0.1068311 0.1191754 0.1097703 0.1075351 0.1192375 0.1174171 0.1164012 0.1169583 0.1171040 0.1186469 0.1175271 0.1171840 0.1169966 0.1421447 0.1194114 0.1488464 0.1562931 0.1126902 0.1183178 0.1216431 0.1169635 0.1175474 
CO-CH-39   0.0759683 0.0840518 0.0792680 0.1057293 0.0799240 0.1016672 0.1023719 0.1044657 0.0814824 0.0975129 0.0796225 0.0800378 0.1021287 0.0765698 0.0818520 0.0762260 0.0799185 0.0766151 0.0881833 0.1109659 0.0863484 0.1078214 0.1369006 0.1155998 0.1335395 0.0000000 0.0995522 0.1121677 0.0549603 0.1277116 0.0850316 0.0848428 0.0897033 0.0845043 0.0768260 0.0850652 0.0757779 0.0764694 0.0757336 0.1015792 0.0823828 0.1036630 0.0791578 0.1120569 0.0858541 0.0856008 0.1301640 0.1018092 0.0993254 0.0919909 0.0806459 0.0998497 0.0751892 0.0985740 0.1299853 0.1261074 0.0847447 0.0748890 0.0779867 0.1010144 0.0888388 0.0614829 0.0561121 0.0575326 0.0585940 0.0603116 0.0573496 0.0600959 0.0572001 0.0593979 0.0652931 0.0611805 0.0594484 0.0593552 0.0634118 0.0625016 0.0589184 0.0695192 0.0664836 0.0634521 0.0668379 0.0785909 0.0803676 0.0785725 0.0788666 0.0784732 0.1050412 0.0839312 0.1114882 0.1179971 0.0785237 0.0818066 0.0830233 0.0825120 0.0831347 
CO-CH-40   0.0828308 0.0905450 0.0878472 0.1143717 0.0887576 0.1085695 0.1092986 0.1134982 0.0886495 0.1079702 0.0877142 0.0884416 0.1089604 0.0833364 0.0863070 0.0829117 0.0885141 0.0838503 0.0959595 0.1179127 0.0896988 0.1099660 0.1354496 0.1187620 0.1373258 0.0995522 0.0000000 0.0995805 0.0559478 0.1306728 0.0867891 0.0854351 0.0903528 0.0926244 0.0860551 0.0935299 0.0831250 0.0835573 0.0825727 0.1087144 0.0910603 0.1105827 0.0868279 0.1211926 0.0921461 0.0942924 0.1383240 0.1134994 0.1050411 0.1003919 0.0907620 0.1077373 0.0850860 0.1092142 0.1396059 0.1345865 0.0929187 0.0813145 0.0837733 0.1119818 0.0965744 0.0778490 0.0773473 0.0750940 0.0779747 0.0784570 0.0742678 0.0781460 0.0777556 0.0785969 0.0844641 0.0782655 0.0765044 0.0726104 0.0857652 0.0793496 0.0757938 0.0886978 0.0858645 0.0825738 0.0844346 0.0646040 0.0673678 0.0644898 0.0648061 0.0645816 0.0917876 0.0701814 0.1004863 0.1049020 0.0660471 0.0660725 0.0689966 0.0696125 0.0703858 
CO-CH-45   0.0951186 0.1013112 0.0970213 0.1283822 0.0984750 0.1220995 0.1228149 0.1265022 0.1031479 0.1167092 0.0971827 0.1032097 0.1227547 0.0955417 0.1008804 0.0953515 0.1025800 0.0960357 0.1092280 0.1294532 0.1020722 0.1265681 0.1505680 0.1335025 0.1482209 0.1121677 0.0995805 0.0000000 0.0670837 0.1472155 0.1009383 0.1014273 0.1055624 0.1038919 0.0977170 0.1046906 0.0949276 0.0953456 0.0952205 0.1221749 0.1053576 0.1256918 0.0994974 0.1320475 0.1028933 0.1044836 0.1486951 0.1205633 0.1180386 0.1097096 0.1018875 0.1182805 0.0976554 0.1191204 0.1506199 0.1452296 0.1033605 0.0916134 0.0927077 0.1240568 0.1057882 0.0910154 0.0864820 0.0879896 0.0889746 0.0899823 0.0874846 0.0884777 0.0875109 0.0912894 0.0966242 0.0896668 0.0866653 0.0866951 0.0977852 0.0910817 0.0875509 0.0992887 0.0974922 0.0931071 0.0943859 0.0460016 0.0488953 0.0456432 0.0455454 0.0454636 0.0332693 0.0114615 0.0727950 0.0253180 0.0397873 0.0446022 0.0209505 0.0126583 0.0128919 
CO-CH-46   0.0370984 0.0414616 0.0398080 0.0655924 0.0405468 0.0608308 0.0609660 0.0644862 0.0428173 0.0573125 0.0397210 0.0411715 0.0609471 0.0374684 0.0413761 0.0371910 0.0416853 0.0382596 0.0502330 0.0658092 0.0431292 0.0614364 0.0860461 0.0690721 0.0851346 0.0549603 0.0559478 0.0670837 0.0000000 0.0788276 0.0414219 0.0413111 0.0452615 0.0449523 0.0396852 0.0459725 0.0373061 0.0376861 0.0369237 0.0606221 0.0428425 0.0630345 0.0407162 0.0713882 0.0450441 0.0452700 0.0850866 0.0600122 0.0562655 0.0513338 0.0424142 0.0560465 0.0401329 0.0577090 0.0872271 0.0837021 0.0455967 0.0340430 0.0365597 0.0634715 0.0503918 0.0337629 0.0314057 0.0325581 0.0329549 0.0356234 0.0304384 0.0341093 0.0324685 0.0338864 0.0389352 0.0337935 0.0319846 0.0314465 0.0403491 0.0348475 0.0317625 0.0398292 0.0405116 0.0374703 0.0389407 0.0361360 0.0376938 0.0360873 0.0362101 0.0364648 0.0635321 0.0420188 0.0682305 0.0732761 0.0357277 0.0420371 0.0414149 0.0403333 0.0407999 
CO-CH-5    0.1126263 0.1185038 0.1160989 0.1466412 0.1172377 0.1403072 0.1408674 0.1458060 0.1209419 0.1361135 0.1165442 0.1180004 0.1413130 0.1126979 0.1173071 0.1120812 0.1182520 0.1131243 0.1253822 0.1465733 0.0491491 0.0312090 0.1283267 0.1389972 0.1538044 0.1277116 0.1306728 0.1472155 0.0788276 0.0000000 0.0489008 0.0734934 0.0534962 0.1203478 0.1138279 0.1218696 0.1127980 0.1129202 0.1125817 0.1404209 0.1199642 0.1443982 0.1166293 0.1517135 0.1219453 0.1233575 0.1709049 0.1408344 0.1350527 0.1312130 0.1201125 0.1372108 0.1138115 0.1381124 0.1701759 0.1662540 0.1205768 0.1103736 0.1113573 0.1409094 0.1269537 0.1077515 0.1026431 0.1016863 0.1053854 0.1085612 0.1019238 0.1085571 0.1088582 0.1085948 0.1129854 0.1089263 0.1037056 0.1022523 0.1136179 0.1077708 0.1045189 0.1172708 0.1127064 0.1093858 0.1111094 0.1120667 0.1132300 0.1119695 0.1120551 0.1120226 0.1419167 0.1175909 0.1486234 0.1569255 0.1109172 0.1146648 0.1172654 0.1172840 0.1179886 
CO-CH-6    0.0677197 0.0752395 0.0715543 0.1012889 0.0723034 0.0952723 0.0957607 0.0999676 0.0749046 0.0911832 0.0722416 0.0723798 0.0959317 0.0681470 0.0715516 0.0675409 0.0736146 0.0685629 0.0813586 0.1030301 0.0222007 0.0353938 0.0815545 0.0955747 0.1096948 0.0850316 0.0867891 0.1009383 0.0414219 0.0489008 0.0000000 0.0364751 0.0234765 0.0766634 0.0699176 0.0775628 0.0675169 0.0683032 0.0672357 0.0945718 0.0759853 0.0989460 0.0731632 0.1063725 0.0765041 0.0785159 0.1238662 0.0952707 0.0898279 0.0850789 0.0750420 0.0913960 0.0689583 0.0921569 0.1252912 0.1211853 0.0759281 0.0646784 0.0660883 0.0956313 0.0802561 0.0609283 0.0595534 0.0580978 0.0612990 0.0641649 0.0592807 0.0650057 0.0638262 0.0634173 0.0693956 0.0641436 0.0597989 0.0606762 0.0708324 0.0650240 0.0608381 0.0700451 0.0701472 0.0665882 0.0662099 0.0657799 0.0687319 0.0656809 0.0657650 0.0657398 0.0955738 0.0721613 0.1018715 0.1092614 0.0654457 0.0711201 0.0712334 0.0713728 0.0718834 
CO-CH-8    0.0679801 0.0730130 0.0702556 0.1006526 0.0706032 0.0953227 0.0958973 0.0995146 0.0753500 0.0890750 0.0704445 0.0731319 0.0960567 0.0682674 0.0718166 0.0677034 0.0730669 0.0685385 0.0806687 0.1008043 0.0384773 0.0562061 0.0742615 0.0948321 0.1076920 0.0848428 0.0854351 0.1014273 0.0413111 0.0734934 0.0364751 0.0000000 0.0366810 0.0757948 0.0695930 0.0764475 0.0679583 0.0681549 0.0678103 0.0953298 0.0752833 0.0969847 0.0727845 0.1030729 0.0750133 0.0771206 0.1210752 0.0949636 0.0855719 0.0830821 0.0728283 0.0900476 0.0684133 0.0886237 0.1207906 0.1171776 0.0740766 0.0630546 0.0662513 0.0942733 0.0796390 0.0624206 0.0617877 0.0598865 0.0621038 0.0631487 0.0623148 0.0669513 0.0657363 0.0663308 0.0709538 0.0640259 0.0608091 0.0614021 0.0718014 0.0636211 0.0621529 0.0702750 0.0719976 0.0689213 0.0671858 0.0683282 0.0707437 0.0679305 0.0683768 0.0681582 0.0949780 0.0721983 0.1043630 0.1091928 0.0663925 0.0719371 0.0722500 0.0722141 0.0727421 
CO-CH-9    0.0731443 0.0772955 0.0735163 0.1060333 0.0744305 0.1006313 0.1010629 0.1052462 0.0797277 0.0926959 0.0737225 0.0771096 0.1009316 0.0733209 0.0767011 0.0732143 0.0783384 0.0736664 0.0840666 0.1050727 0.0246849 0.0363592 0.0855912 0.1003655 0.1133074 0.0897033 0.0903528 0.1055624 0.0452615 0.0534962 0.0234765 0.0366810 0.0000000 0.0808844 0.0734194 0.0816058 0.0728453 0.0732364 0.0728493 0.1008663 0.0796037 0.1026540 0.0774692 0.1101905 0.0790880 0.0823444 0.1284520 0.0984745 0.0916638 0.0873864 0.0779120 0.0934264 0.0722273 0.0950463 0.1275629 0.1239316 0.0792070 0.0664217 0.0695160 0.0987447 0.0831243 0.0660723 0.0636781 0.0623913 0.0652830 0.0669041 0.0628283 0.0682713 0.0685382 0.0692086 0.0723214 0.0690252 0.0643835 0.0641199 0.0729575 0.0670264 0.0659306 0.0736462 0.0746488 0.0703322 0.0707611 0.0708667 0.0731033 0.0705299 0.0709038 0.0711302 0.1015004 0.0779797 0.1055278 0.1141237 0.0705991 0.0744429 0.0764170 0.0742120 0.0746208 
CO-IP-1    0.0206330 0.0155613 0.0176033 0.0427528 0.0177131 0.0391390 0.0394544 0.0421992 0.0278555 0.0289534 0.0177198 0.0269352 0.0393659 0.0206212 0.0245963 0.0204926 0.0219251 0.0206286 0.0212748 0.0290682 0.0780963 0.0990268 0.1257722 0.1058034 0.1245845 0.0845043 0.0926244 0.1038919 0.0449523 0.1203478 0.0766634 0.0757948 0.0808844 0.0000000 0.0191637 0.0005401 0.0205125 0.0202644 0.0201954 0.0353355 0.0314115 0.0431740 0.0259589 0.0817944 0.0530393 0.0543806 0.0926664 0.0726159 0.0665492 0.0600058 0.0524796 0.0695234 0.0473375 0.0690651 0.0983698 0.0947563 0.0522202 0.0446673 0.0453465 0.0706137 0.0586554 0.0649850 0.0604079 0.0601564 0.0641003 0.0637048 0.0583160 0.0626260 0.0621553 0.0649442 0.0705640 0.0630073 0.0605383 0.0607663 0.0692551 0.0631181 0.0606285 0.0715512 0.0712498 0.0678760 0.0673081 0.0692878 0.0711027 0.0694990 0.0692556 0.0695777 0.0965828 0.0737572 0.1014024 0.1132538 0.0677382 0.0729060 0.0724209 0.0736908 0.0739218 
CO-IP-10   0.0038085 0.0162317 0.0146906 0.0140107 0.0153737 0.0128217 0.0124946 0.0134837 0.0120060 0.0268700 0.0146088 0.0017513 0.0126959 0.0038075 0.0218671 0.0038706 0.0021337 0.0038066 0.0228125 0.0356670 0.0718506 0.0926652 0.1195735 0.0973186 0.1172977 0.0768260 0.0860551 0.0977170 0.0396852 0.1138279 0.0699176 0.0695930 0.0734194 0.0191637 0.0000000 0.0197986 0.0040032 0.0039466 0.0036203 0.0129567 0.0154970 0.0408770 0.0117998 0.0743431 0.0489054 0.0487077 0.0868883 0.0637039 0.0589554 0.0533414 0.0432629 0.0628359 0.0404698 0.0614944 0.0887915 0.0854990 0.0481359 0.0387090 0.0368739 0.0630972 0.0525726 0.0558509 0.0538119 0.0514593 0.0537844 0.0579116 0.0518025 0.0572050 0.0545456 0.0586806 0.0628695 0.0562714 0.0524832 0.0535524 0.0607880 0.0528681 0.0531582 0.0648295 0.0624706 0.0594173 0.0593985 0.0610272 0.0637564 0.0609173 0.0608277 0.0609890 0.0893777 0.0661823 0.0951421 0.1045131 0.0615221 0.0659096 0.0672410 0.0669585 0.0668702 
CO-IP-2    0.0213415 0.0159715 0.0176838 0.0432706 0.0184128 0.0394358 0.0402013 0.0424074 0.0281491 0.0295308 0.0182155 0.0272181 0.0401772 0.0214042 0.0248744 0.0212091 0.0225462 0.0210618 0.0220362 0.0294934 0.0792015 0.1002913 0.1261479 0.1064346 0.1249176 0.0850652 0.0935299 0.1046906 0.0459725 0.1218696 0.0775628 0.0764475 0.0816058 0.0005401 0.0197986 0.0000000 0.0207300 0.0207665 0.0209050 0.0360105 0.0315597 0.0442185 0.0264698 0.0822271 0.0535153 0.0550824 0.0937036 0.0722957 0.0667558 0.0600921 0.0529149 0.0702500 0.0486262 0.0694759 0.0986330 0.0951607 0.0532302 0.0447047 0.0461263 0.0716915 0.0591332 0.0652916 0.0605297 0.0605334 0.0643944 0.0647248 0.0589990 0.0625216 0.0623133 0.0655604 0.0713694 0.0636247 0.0610831 0.0612750 0.0695354 0.0640605 0.0612008 0.0719018 0.0715668 0.0685836 0.0685435 0.0699087 0.0711831 0.0698304 0.0696876 0.0699291 0.0973978 0.0742551 0.1020782 0.1136038 0.0684725 0.0734010 0.0724610 0.0743318 0.0747080 
CO-IP-3    0.0005456 0.0217536 0.0175386 0.0005463 0.0181392 0.0006050 0.0007269 0.0005456 0.0012815 0.0279826 0.0178721 0.0080871 0.0005454 0.0004845 0.0206964 0.0007882 0.0111667 0.0005453 0.0246035 0.0412923 0.0703172 0.0904728 0.1167117 0.0954827 0.1176371 0.0757779 0.0831250 0.0949276 0.0373061 0.1127980 0.0675169 0.0679583 0.0728453 0.0205125 0.0040032 0.0207300 0.0000000 0.0005468 0.0003639 0.0008505 0.0153053 0.0429082 0.0010332 0.0749344 0.0471317 0.0472124 0.0849308 0.0621227 0.0582011 0.0507936 0.0421036 0.0610340 0.0400331 0.0615239 0.0893289 0.0854368 0.0477918 0.0378414 0.0405135 0.0624420 0.0531569 0.0559241 0.0511841 0.0505323 0.0540563 0.0572945 0.0508781 0.0582742 0.0544860 0.0576731 0.0612840 0.0547009 0.0525132 0.0537824 0.0589866 0.0526829 0.0528998 0.0635427 0.0622032 0.0590424 0.0581161 0.0592072 0.0611763 0.0595094 0.0594403 0.0594238 0.0870281 0.0641627 0.0941350 0.1011913 0.0595478 0.0644591 0.0635566 0.0643929 0.0644607 
CO-IP-4    0.0004857 0.0220838 0.0177892 0.0006694 0.0184624 0.0007898 0.0004859 0.0008505 0.0010269 0.0278936 0.0177011 0.0085051 0.0004860 0.0004251 0.0208873 0.0006074 0.0113951 0.0002429 0.0247364 0.0415905 0.0708942 0.0908009 0.1175482 0.0954086 0.1179609 0.0764694 0.0835573 0.0953456 0.0376861 0.1129202 0.0683032 0.0681549 0.0732364 0.0202644 0.0039466 0.0207665 0.0005468 0.0000000 0.0004259 0.0009754 0.0156798 0.0426962 0.0009701 0.0751539 0.0476441 0.0476419 0.0851062 0.0625604 0.0591424 0.0514475 0.0428959 0.0610610 0.0408781 0.0622781 0.0894260 0.0856189 0.0479508 0.0382968 0.0409782 0.0625992 0.0538883 0.0569747 0.0519355 0.0512367 0.0546410 0.0577997 0.0515772 0.0586055 0.0552063 0.0583924 0.0615665 0.0549956 0.0527180 0.0541348 0.0598540 0.0528523 0.0536846 0.0640147 0.0627286 0.0595123 0.0587349 0.0599163 0.0620532 0.0602137 0.0599726 0.0604806 0.0874019 0.0645885 0.0946245 0.1020669 0.0601885 0.0653638 0.0642355 0.0652939 0.0654154 
CO-IP-5    0.0004252 0.0217361 0.0175792 0.0007306 0.0178441 0.0009113 0.0006682 0.0005469 0.0009612 0.0275450 0.0174940 0.0079714 0.0006077 0.0003034 0.0207413 0.0005466 0.0111899 0.0004242 0.0247822 0.0414560 0.0702178 0.0904695 0.1172515 0.0954255 0.1174307 0.0757336 0.0825727 0.0952205 0.0369237 0.1125817 0.0672357 0.0678103 0.0728493 0.0201954 0.0036203 0.0209050 0.0003639 0.0004259 0.0000000 0.0009143 0.0153355 0.0422122 0.0009056 0.0746026 0.0473311 0.0471519 0.0846350 0.0624352 0.0585856 0.0510789 0.0419818 0.0610216 0.0400411 0.0616576 0.0890423 0.0848908 0.0472837 0.0380796 0.0402181 0.0621996 0.0534084 0.0561413 0.0511490 0.0505793 0.0543311 0.0571101 0.0513434 0.0587031 0.0547696 0.0579035 0.0613358 0.0548397 0.0524245 0.0535837 0.0592893 0.0527399 0.0528609 0.0642490 0.0623537 0.0591132 0.0582213 0.0596063 0.0616388 0.0597683 0.0596870 0.0598248 0.0873244 0.0643667 0.0944346 0.1011313 0.0595577 0.0645188 0.0635794 0.0648144 0.0648328 
CO-IP-6    0.0005471 0.0367438 0.0311006 0.0149526 0.0320388 0.0038919 0.0044315 0.0146429 0.0098320 0.0450728 0.0315661 0.0230115 0.0043134 0.0007905 0.0362444 0.0004248 0.0263408 0.0010332 0.0385146 0.0607986 0.0967253 0.1180136 0.1447949 0.1232035 0.1445653 0.1015792 0.1087144 0.1221749 0.0606221 0.1404209 0.0945718 0.0953298 0.1008663 0.0353355 0.0129567 0.0360105 0.0008505 0.0009754 0.0009143 0.0000000 0.0370152 0.0622624 0.0096136 0.0987106 0.0698990 0.0706809 0.1113027 0.0859000 0.0821097 0.0749059 0.0659705 0.0843999 0.0621278 0.0857707 0.1139359 0.1100452 0.0695448 0.0597288 0.0629730 0.0871673 0.0766462 0.0820116 0.0767256 0.0761617 0.0790589 0.0828885 0.0758433 0.0832588 0.0793437 0.0824904 0.0874494 0.0793314 0.0770045 0.0775887 0.0847358 0.0771969 0.0775069 0.0876439 0.0875349 0.0837893 0.0837356 0.0848798 0.0859550 0.0848441 0.0847907 0.0847419 0.1135037 0.0900530 0.1203990 0.1281328 0.0847021 0.0904512 0.0887580 0.0886097 0.0889264 
CO-IP-7    0.0155106 0.0261663 0.0288645 0.0368924 0.0290412 0.0358253 0.0364445 0.0363993 0.0279480 0.0442758 0.0291361 0.0237898 0.0360257 0.0159888 0.0247550 0.0155056 0.0232357 0.0158385 0.0303376 0.0427262 0.0779560 0.1004260 0.1231596 0.1031171 0.1239190 0.0823828 0.0910603 0.1053576 0.0428425 0.1199642 0.0759853 0.0752833 0.0796037 0.0314115 0.0154970 0.0315597 0.0153053 0.0156798 0.0153355 0.0370152 0.0000000 0.0428356 0.0220417 0.0831070 0.0544166 0.0546573 0.0942268 0.0724972 0.0646527 0.0599535 0.0497449 0.0713761 0.0472501 0.0692523 0.0978111 0.0950330 0.0552053 0.0454995 0.0459983 0.0690772 0.0598670 0.0620280 0.0578155 0.0587279 0.0605388 0.0642815 0.0572029 0.0624361 0.0598320 0.0635369 0.0684755 0.0618356 0.0586227 0.0596272 0.0701570 0.0606074 0.0587742 0.0704476 0.0693543 0.0672923 0.0662854 0.0671132 0.0687888 0.0671099 0.0671264 0.0673631 0.0948148 0.0728783 0.1039750 0.1116156 0.0670881 0.0711300 0.0748896 0.0713905 0.0721279 
