105
CO-AR-1    0.0000000 0.0231773 0.0185303 0.0008159 0.0190978 0.0007512 0.0007516 0.0006261 0.0009932 0.0292592 0.0185919 0.0083738 0.0006891 0.0002504 0.0219110 0.0003754 0.0116269 0.0005011 0.0249781 0.0436051 0.1233310 0.0523931 0.0726531 0.0929211 0.0598306 0.1202598 0.0920184 0.0636573 0.1050695 0.0990223 0.0982729 0.0924929 0.0743803 0.0829716 0.0997220 0.0381706 0.1138300 0.0686434 0.0678691 0.0751406 0.0213663 0.0039415 0.0221016 0.0005637 0.0005021 0.0004388 0.0005653 0.0159416 0.0444147 0.0008687 0.0775750 0.0497669 0.0500648 0.0879926 0.0647906 0.0607788 0.0533678 0.0443045 0.0637814 0.0421609 0.0646099 0.0924613 0.0883608 0.0495850 0.0397405 0.0417960 0.0649285 0.0558271 0.0586455 0.0539422 0.0536200 0.0569855 0.0594067 0.0534245 0.0613180 0.0576644 0.0606362 0.0642891 0.0569805 0.0546148 0.0555502 0.0620236 0.0546379 0.0560978 0.0667129 0.0655852 0.0620279 0.0610074 0.0623243 0.0651422 0.0624838 0.0845727 0.0623953 0.0625404 0.0913876 0.0672767 0.0979519 0.1072045 0.0805110 0.0625035 0.0675381 0.0671545 0.1068511 0.0675168 0.0678935 
CO-AR-10   0.0231773 0.0000000 0.0056096 0.0453231 0.0060721 0.0428731 0.0437405 0.0443749 0.0272929 0.0130917 0.0056051 0.0209730 0.0434761 0.0230199 0.0239881 0.0231024 0.0194088 0.0230300 0.0084993 0.0005547 0.1312778 0.0589606 0.0782394 0.0993105 0.0639334 0.1267034 0.0964380 0.0686213 0.1091852 0.1027313 0.1012173 0.0969208 0.0825210 0.0908477 0.1061076 0.0426032 0.1198236 0.0764265 0.0731076 0.0794682 0.0162323 0.0167367 0.0166591 0.0226111 0.0230266 0.0226032 0.0381196 0.0269795 0.0384803 0.0251166 0.0809097 0.0517361 0.0546659 0.0933807 0.0689814 0.0614244 0.0592104 0.0497062 0.0656552 0.0444976 0.0665623 0.0970176 0.0934945 0.0535143 0.0414105 0.0432513 0.0684585 0.0561952 0.0608482 0.0571911 0.0573357 0.0594791 0.0620544 0.0551697 0.0596894 0.0599586 0.0619630 0.0663648 0.0599958 0.0587677 0.0594253 0.0665324 0.0594414 0.0554935 0.0696421 0.0685688 0.0664854 0.0638942 0.0680449 0.0707580 0.0679494 0.0931246 0.0680558 0.0681040 0.0978941 0.0727941 0.1012129 0.1164231 0.0843664 0.0678968 0.0733932 0.0740378 0.1132331 0.0721609 0.0722814 
CO-AR-11   0.0185303 0.0056096 0.0000000 0.0422794 0.0006215 0.0371575 0.0379760 0.0416567 0.0246725 0.0007452 0.0003726 0.0209365 0.0380643 0.0183951 0.0200502 0.0181751 0.0183553 0.0189721 0.0119171 0.0201505 0.1244022 0.0554190 0.0748593 0.0962932 0.0623023 0.1205970 0.0933296 0.0671850 0.1060807 0.1007020 0.0989024 0.0941460 0.0779957 0.0881304 0.1016337 0.0409966 0.1175414 0.0727801 0.0703259 0.0755486 0.0182267 0.0153695 0.0183123 0.0183311 0.0185932 0.0183112 0.0322361 0.0298792 0.0381709 0.0228770 0.0785940 0.0499136 0.0526424 0.0901627 0.0684044 0.0619746 0.0575343 0.0473681 0.0665004 0.0431314 0.0659388 0.0946939 0.0919439 0.0507910 0.0414283 0.0411406 0.0652332 0.0555216 0.0601432 0.0545409 0.0567340 0.0589821 0.0602200 0.0538919 0.0598045 0.0579525 0.0610430 0.0650544 0.0595318 0.0559540 0.0550030 0.0641182 0.0567821 0.0539047 0.0676876 0.0660585 0.0650156 0.0637137 0.0663132 0.0687337 0.0665764 0.0877775 0.0660607 0.0660428 0.0947245 0.0700776 0.0978299 0.1094878 0.0814473 0.0643021 0.0700701 0.0712887 0.1096799 0.0686792 0.0687811 
CO-AR-12   0.0008159 0.0453231 0.0422794 0.0000000 0.0431836 0.0121265 0.0123120 0.0007099 0.0188948 0.0578710 0.0426785 0.0256146 0.0121221 0.0010041 0.0446865 0.0010671 0.0325124 0.0010040 0.0491644 0.0688202 0.1541733 0.0825534 0.1050295 0.1273492 0.0915892 0.1531334 0.1266941 0.0977639 0.1398324 0.1327638 0.1321909 0.1232977 0.1050243 0.1156002 0.1341668 0.0676494 0.1488112 0.1031150 0.1014867 0.1089867 0.0441073 0.0144321 0.0446458 0.0005647 0.0006919 0.0007550 0.0153857 0.0380876 0.0705008 0.0100115 0.1109528 0.0797633 0.0812179 0.1222809 0.0974787 0.0911168 0.0841352 0.0731112 0.0959209 0.0706735 0.0962023 0.1276325 0.1242461 0.0805797 0.0680769 0.0701554 0.0958292 0.0856323 0.0898663 0.0858722 0.0857658 0.0884195 0.0914146 0.0844497 0.0934113 0.0892657 0.0913734 0.0969082 0.0876057 0.0867269 0.0868974 0.0947405 0.0870362 0.0872166 0.0985874 0.0975121 0.0942537 0.0926879 0.0943612 0.0974688 0.0948014 0.1171995 0.0944931 0.0951704 0.1254993 0.1007019 0.1299053 0.1420554 0.1139672 0.0952116 0.1010401 0.1003274 0.1427308 0.1000876 0.1005554 
CO-AR-13   0.0190978 0.0060721 0.0006215 0.0431836 0.0000000 0.0380652 0.0387920 0.0425746 0.0252971 0.0010566 0.0004973 0.0214969 0.0385979 0.0190895 0.0208921 0.0186580 0.0194803 0.0195224 0.0125810 0.0207401 0.1252222 0.0555382 0.0760192 0.0973061 0.0626533 0.1221813 0.0949120 0.0676151 0.1068745 0.1014490 0.0994740 0.0945002 0.0785005 0.0890773 0.1031494 0.0417616 0.1187093 0.0735519 0.0706802 0.0764948 0.0183383 0.0160051 0.0190652 0.0189515 0.0192894 0.0185841 0.0332053 0.0300595 0.0385520 0.0240964 0.0800963 0.0516345 0.0535727 0.0914033 0.0699677 0.0635010 0.0591656 0.0481940 0.0678283 0.0440377 0.0673456 0.0959717 0.0933070 0.0521037 0.0429140 0.0418589 0.0662041 0.0573514 0.0611120 0.0554732 0.0578488 0.0599217 0.0611560 0.0549317 0.0611264 0.0591971 0.0623373 0.0663035 0.0610027 0.0568131 0.0562815 0.0655629 0.0581319 0.0555843 0.0694624 0.0674224 0.0662709 0.0645886 0.0682540 0.0701675 0.0677686 0.0895621 0.0680448 0.0678451 0.0958839 0.0714784 0.0991726 0.1110530 0.0838806 0.0651830 0.0712411 0.0727568 0.1106259 0.0698132 0.0702350 
CO-AR-14   0.0007512 0.0428731 0.0371575 0.0121265 0.0380652 0.0000000 0.0007735 0.0117294 0.0090878 0.0536353 0.0375711 0.0286385 0.0004159 0.0011274 0.0420065 0.0006876 0.0290222 0.0007512 0.0477530 0.0666745 0.1507881 0.0798810 0.1003194 0.1205207 0.0865625 0.1483829 0.1202771 0.0902174 0.1329946 0.1246657 0.1268444 0.1171044 0.1006471 0.1094923 0.1274373 0.0625387 0.1421076 0.0967541 0.0958006 0.1032217 0.0403565 0.0131994 0.0406658 0.0006260 0.0008163 0.0009422 0.0040835 0.0369110 0.0633880 0.0137204 0.1038580 0.0736111 0.0721461 0.1154902 0.0880187 0.0841048 0.0775903 0.0696530 0.0878944 0.0650087 0.0881507 0.1202776 0.1161803 0.0716214 0.0615163 0.0645598 0.0910035 0.0791520 0.0854293 0.0793532 0.0793493 0.0823324 0.0858004 0.0783826 0.0869004 0.0839917 0.0869926 0.0909537 0.0814171 0.0807665 0.0808030 0.0876726 0.0813048 0.0816197 0.0921762 0.0922698 0.0883172 0.0865807 0.0873193 0.0904754 0.0877103 0.1092185 0.0874520 0.0874867 0.1183517 0.0936040 0.1239051 0.1353426 0.1070660 0.0894119 0.0936540 0.0931353 0.1355717 0.0934331 0.0934602 
CO-AR-15   0.0007516 0.0437405 0.0379760 0.0123120 0.0387920 0.0007735 0.0000000 0.0123062 0.0092155 0.0540476 0.0378645 0.0288543 0.0004756 0.0010024 0.0426590 0.0005630 0.0297427 0.0007507 0.0478793 0.0674328 0.1509147 0.0797583 0.1012252 0.1211829 0.0866428 0.1494506 0.1209395 0.0910061 0.1346702 0.1256008 0.1272251 0.1181089 0.1013610 0.1102345 0.1281673 0.0626712 0.1426687 0.0972379 0.0963809 0.1036560 0.0406766 0.0128586 0.0414531 0.0007516 0.0005020 0.0006908 0.0046410 0.0375512 0.0634735 0.0141860 0.1039910 0.0743236 0.0724115 0.1156424 0.0891781 0.0851230 0.0786890 0.0700844 0.0878724 0.0659604 0.0888811 0.1208871 0.1167670 0.0716506 0.0626210 0.0649112 0.0910670 0.0804257 0.0862308 0.0801343 0.0799257 0.0829604 0.0860109 0.0792328 0.0874194 0.0851865 0.0872884 0.0909072 0.0823329 0.0812945 0.0815082 0.0885833 0.0820589 0.0822383 0.0930098 0.0924906 0.0896325 0.0871702 0.0886802 0.0914775 0.0886081 0.1092188 0.0883555 0.0888014 0.1192979 0.0941722 0.1249439 0.1362841 0.1079943 0.0901965 0.0939995 0.0941640 0.1356095 0.0945310 0.0944394 
CO-AR-16   0.0006261 0.0443749 0.0416567 0.0007099 0.0425746 0.0117294 0.0123062 0.0000000 0.0183363 0.0573974 0.0419211 0.0245526 0.0119912 0.0009397 0.0445756 0.0008146 0.0321350 0.0008146 0.0485985 0.0684025 0.1525459 0.0824001 0.1040547 0.1263187 0.0902737 0.1521508 0.1256744 0.0967079 0.1385993 0.1314998 0.1321623 0.1219331 0.1037001 0.1146692 0.1321659 0.0664802 0.1479302 0.1017308 0.1002823 0.1081313 0.0435216 0.0138830 0.0437390 0.0005627 0.0008795 0.0005654 0.0150620 0.0375720 0.0695210 0.0094726 0.1100886 0.0786593 0.0804692 0.1211865 0.0965167 0.0904557 0.0830042 0.0729300 0.0953494 0.0699452 0.0954015 0.1266659 0.1227987 0.0793613 0.0668437 0.0691857 0.0952343 0.0846713 0.0879964 0.0847340 0.0847467 0.0872099 0.0904525 0.0837039 0.0920661 0.0883918 0.0907667 0.0961344 0.0869688 0.0855274 0.0854726 0.0933825 0.0856439 0.0863691 0.0975356 0.0965127 0.0931755 0.0916137 0.0932884 0.0960433 0.0937054 0.1172686 0.0933790 0.0932613 0.1244512 0.0990586 0.1286752 0.1408496 0.1125359 0.0938931 0.1000330 0.0984207 0.1424422 0.0984782 0.0986970 
CO-AR-17   0.0009932 0.0272929 0.0246725 0.0188948 0.0252971 0.0090878 0.0092155 0.0183363 0.0000000 0.0369130 0.0246475 0.0123974 0.0091543 0.0011252 0.0152446 0.0009276 0.0163081 0.0011924 0.0338990 0.0513551 0.1303983 0.0596980 0.0794209 0.1010975 0.0662774 0.1275332 0.0984190 0.0697850 0.1096819 0.1049464 0.1067178 0.0985545 0.0799298 0.0889376 0.1079131 0.0440282 0.1224139 0.0760454 0.0754731 0.0818694 0.0289149 0.0123662 0.0292217 0.0013270 0.0010632 0.0009961 0.0101731 0.0289836 0.0313400 0.0066713 0.0797992 0.0545930 0.0557184 0.0951134 0.0711436 0.0654558 0.0611490 0.0509249 0.0694010 0.0464648 0.0693865 0.0944884 0.0914457 0.0540130 0.0453568 0.0459779 0.0700178 0.0596495 0.0640518 0.0599356 0.0613600 0.0640273 0.0647350 0.0586133 0.0654026 0.0630591 0.0678387 0.0698212 0.0624088 0.0603604 0.0611371 0.0685728 0.0608550 0.0597399 0.0713135 0.0721927 0.0676762 0.0668288 0.0686746 0.0717636 0.0684252 0.0918956 0.0687822 0.0685940 0.0993409 0.0746584 0.1042271 0.1158322 0.0873740 0.0696441 0.0735496 0.0740134 0.1157681 0.0747326 0.0750093 
CO-AR-18   0.0292592 0.0130917 0.0007452 0.0578710 0.0010566 0.0536353 0.0540476 0.0573974 0.0369130 0.0000000 0.0008690 0.0357001 0.0540119 0.0291807 0.0334443 0.0290432 0.0338817 0.0295326 0.0250809 0.0367798 0.1431152 0.0737237 0.0963882 0.1177667 0.0808128 0.1415432 0.1146111 0.0868203 0.1265399 0.1233371 0.1186086 0.1143073 0.0966642 0.1090103 0.1221365 0.0592289 0.1382734 0.0929811 0.0898221 0.0954112 0.0300296 0.0279094 0.0306320 0.0291455 0.0291263 0.0286338 0.0466088 0.0458464 0.0557585 0.0351607 0.0975275 0.0673414 0.0684927 0.1090869 0.0873619 0.0799509 0.0745019 0.0641379 0.0835694 0.0605055 0.0843054 0.1155535 0.1123862 0.0679788 0.0595405 0.0572029 0.0837544 0.0732607 0.0810163 0.0742463 0.0757057 0.0783088 0.0795524 0.0745888 0.0787824 0.0775196 0.0811964 0.0841204 0.0786775 0.0744952 0.0732416 0.0829951 0.0767699 0.0732378 0.0871526 0.0849983 0.0839124 0.0828204 0.0871026 0.0902136 0.0865621 0.1110378 0.0864747 0.0871983 0.1158062 0.0901603 0.1185288 0.1311449 0.1032538 0.0838586 0.0897956 0.0916332 0.1325185 0.0899349 0.0900316 
CO-AR-19   0.0185919 0.0056051 0.0003726 0.0426785 0.0004973 0.0375711 0.0378645 0.0419211 0.0246475 0.0008690 0.0000000 0.0207788 0.0380258 0.0183062 0.0206165 0.0182325 0.0190481 0.0188840 0.0118457 0.0202682 0.1250409 0.0561337 0.0757912 0.0970669 0.0620424 0.1217118 0.0934309 0.0673107 0.1064870 0.1007133 0.0995185 0.0949066 0.0782761 0.0880005 0.1017997 0.0409066 0.1180028 0.0734896 0.0705218 0.0757624 0.0183468 0.0152843 0.0188626 0.0186764 0.0185012 0.0182224 0.0327176 0.0301607 0.0382063 0.0232269 0.0792002 0.0507849 0.0529444 0.0905897 0.0691654 0.0625195 0.0581462 0.0476656 0.0664553 0.0433357 0.0671519 0.0953693 0.0926283 0.0509866 0.0421067 0.0414981 0.0653466 0.0563196 0.0605122 0.0551794 0.0571367 0.0593760 0.0601831 0.0541829 0.0603325 0.0586999 0.0615775 0.0649688 0.0597893 0.0564943 0.0552714 0.0646746 0.0570529 0.0541738 0.0678964 0.0662629 0.0647562 0.0635851 0.0671736 0.0692361 0.0670375 0.0886546 0.0669376 0.0667329 0.0955293 0.0702581 0.0983867 0.1102795 0.0820703 0.0648762 0.0709403 0.0717965 0.1101185 0.0690364 0.0693086 
CO-AR-2    0.0083738 0.0209730 0.0209365 0.0256146 0.0214969 0.0286385 0.0288543 0.0245526 0.0123974 0.0357001 0.0207788 0.0000000 0.0291482 0.0082999 0.0025235 0.0083662 0.0024680 0.0087137 0.0309780 0.0431244 0.1294178 0.0549223 0.0766787 0.0977287 0.0647615 0.1250948 0.0972544 0.0679061 0.1068248 0.1057607 0.1025507 0.0962274 0.0785267 0.0885793 0.1081060 0.0423063 0.1193947 0.0734817 0.0733042 0.0792068 0.0279517 0.0018120 0.0282463 0.0083718 0.0088064 0.0082558 0.0237477 0.0246611 0.0356374 0.0140194 0.0783196 0.0516047 0.0520484 0.0909963 0.0683936 0.0623555 0.0569543 0.0471180 0.0674090 0.0450193 0.0666462 0.0931915 0.0893565 0.0519213 0.0419489 0.0436195 0.0672288 0.0567441 0.0610608 0.0574880 0.0552059 0.0578637 0.0624967 0.0551305 0.0615761 0.0597286 0.0636000 0.0686012 0.0615066 0.0564581 0.0568455 0.0678322 0.0580974 0.0572545 0.0708446 0.0678478 0.0640477 0.0638955 0.0676818 0.0703646 0.0680173 0.0888966 0.0678450 0.0674834 0.0988807 0.0757185 0.1025341 0.1153412 0.0885923 0.0673378 0.0735374 0.0749323 0.1097653 0.0746240 0.0749538 
CO-AR-20   0.0006891 0.0434761 0.0380643 0.0121221 0.0385979 0.0004159 0.0004756 0.0119912 0.0091543 0.0540119 0.0380258 0.0291482 0.0000000 0.0011908 0.0426065 0.0007513 0.0298227 0.0006874 0.0481830 0.0671833 0.1510125 0.0797288 0.1007259 0.1209833 0.0870562 0.1495491 0.1208840 0.0910502 0.1344895 0.1257182 0.1273063 0.1175468 0.1011120 0.1098864 0.1281213 0.0626490 0.1431324 0.0974329 0.0965472 0.1035399 0.0405881 0.0130684 0.0414300 0.0005635 0.0005022 0.0006280 0.0045181 0.0371176 0.0637146 0.0139197 0.1041015 0.0741840 0.0722183 0.1155782 0.0887254 0.0850066 0.0784805 0.0697850 0.0879659 0.0655754 0.0885925 0.1205850 0.1166582 0.0717946 0.0626687 0.0649441 0.0911580 0.0794622 0.0862266 0.0798563 0.0798307 0.0828007 0.0859122 0.0788563 0.0873777 0.0847536 0.0873775 0.0910781 0.0822194 0.0813719 0.0812178 0.0884594 0.0817581 0.0822015 0.0930681 0.0928054 0.0892386 0.0869955 0.0879790 0.0909560 0.0883265 0.1088876 0.0882662 0.0887043 0.1190587 0.0942409 0.1247106 0.1363823 0.1075367 0.0899102 0.0937718 0.0939278 0.1356270 0.0942846 0.0941451 
CO-AR-3    0.0002504 0.0230199 0.0183951 0.0010041 0.0190895 0.0011274 0.0010024 0.0009397 0.0011252 0.0291807 0.0183062 0.0082999 0.0011908 0.0000000 0.0222753 0.0005007 0.0117635 0.0003127 0.0252500 0.0434494 0.1232989 0.0528895 0.0729326 0.0929284 0.0600734 0.1208694 0.0919103 0.0634363 0.1054528 0.0991643 0.0976061 0.0930202 0.0750020 0.0834965 0.1001617 0.0385548 0.1139030 0.0690838 0.0681657 0.0753218 0.0213537 0.0039406 0.0221663 0.0005005 0.0004390 0.0003136 0.0008170 0.0164370 0.0445208 0.0008682 0.0779190 0.0495925 0.0493369 0.0883176 0.0649788 0.0606705 0.0531576 0.0439341 0.0634834 0.0421160 0.0644781 0.0928986 0.0886949 0.0496317 0.0394712 0.0416728 0.0647333 0.0560371 0.0591168 0.0543087 0.0536687 0.0572332 0.0598846 0.0538317 0.0615541 0.0576250 0.0611261 0.0644618 0.0571633 0.0550998 0.0561197 0.0620645 0.0551872 0.0560483 0.0668538 0.0657823 0.0619907 0.0612255 0.0626721 0.0653767 0.0630241 0.0844671 0.0627821 0.0626523 0.0918854 0.0676548 0.0980349 0.1069608 0.0801321 0.0630364 0.0677160 0.0675222 0.1063109 0.0681268 0.0682406 
CO-AR-4    0.0219110 0.0239881 0.0200502 0.0446865 0.0208921 0.0420065 0.0426590 0.0445756 0.0152446 0.0334443 0.0206165 0.0025235 0.0426065 0.0222753 0.0000000 0.0218474 0.0024484 0.0223606 0.0345898 0.0468982 0.1290355 0.0521831 0.0767071 0.0964939 0.0615619 0.1236558 0.0956986 0.0654661 0.1051059 0.1032987 0.1011913 0.0954166 0.0802832 0.0863200 0.1054073 0.0425361 0.1185945 0.0725972 0.0718426 0.0788253 0.0254966 0.0227719 0.0257851 0.0216366 0.0218372 0.0216931 0.0376387 0.0257059 0.0186712 0.0134880 0.0785983 0.0510691 0.0526039 0.0906623 0.0687147 0.0606797 0.0570188 0.0468428 0.0665684 0.0434768 0.0645166 0.0949609 0.0908487 0.0514585 0.0406315 0.0417636 0.0668190 0.0569299 0.0594148 0.0553760 0.0565134 0.0585318 0.0596296 0.0540883 0.0596720 0.0593928 0.0637994 0.0661602 0.0597420 0.0546075 0.0553542 0.0639964 0.0589310 0.0562642 0.0682224 0.0663124 0.0638665 0.0640097 0.0668630 0.0702726 0.0667773 0.0901380 0.0669345 0.0674295 0.0970384 0.0750351 0.0999009 0.1131752 0.0842497 0.0664108 0.0704299 0.0712515 0.1094940 0.0723563 0.0731465 
CO-AR-5    0.0003754 0.0231024 0.0181751 0.0010671 0.0186580 0.0006876 0.0005630 0.0008146 0.0009276 0.0290432 0.0182325 0.0083662 0.0007513 0.0005007 0.0218474 0.0000000 0.0115601 0.0006264 0.0248987 0.0436621 0.1226694 0.0525711 0.0723634 0.0925376 0.0597517 0.1203010 0.0918910 0.0634932 0.1049798 0.0991070 0.0985548 0.0926279 0.0746453 0.0830556 0.0999651 0.0382674 0.1132653 0.0684584 0.0675834 0.0752127 0.0212209 0.0040062 0.0219646 0.0008141 0.0006276 0.0005645 0.0004394 0.0159362 0.0440897 0.0009350 0.0775576 0.0494565 0.0496247 0.0878481 0.0647004 0.0603646 0.0531957 0.0441204 0.0635144 0.0419962 0.0645105 0.0921125 0.0881791 0.0495774 0.0394948 0.0412855 0.0645268 0.0553075 0.0588240 0.0540944 0.0534595 0.0568189 0.0596709 0.0531608 0.0610697 0.0577720 0.0604802 0.0642473 0.0568895 0.0545462 0.0556355 0.0622431 0.0547176 0.0555687 0.0665595 0.0652250 0.0616531 0.0606591 0.0625624 0.0650749 0.0623948 0.0848975 0.0623242 0.0624636 0.0912329 0.0672762 0.0977405 0.1072769 0.0801657 0.0626396 0.0672539 0.0672030 0.1067109 0.0676948 0.0678796 
CO-AR-6    0.0116269 0.0194088 0.0183553 0.0325124 0.0194803 0.0290222 0.0297427 0.0321350 0.0163081 0.0338817 0.0190481 0.0024680 0.0298227 0.0117635 0.0024484 0.0115601 0.0000000 0.0121844 0.0295705 0.0398955 0.1303411 0.0535179 0.0781489 0.0993621 0.0648360 0.1255414 0.0962790 0.0692051 0.1085310 0.1049539 0.1022328 0.0975860 0.0784284 0.0887507 0.1073662 0.0428377 0.1195917 0.0748528 0.0731722 0.0805638 0.0228309 0.0022075 0.0234753 0.0116341 0.0118729 0.0116631 0.0273420 0.0241614 0.0288827 0.0160153 0.0766716 0.0518347 0.0519442 0.0913864 0.0673982 0.0594986 0.0566386 0.0453798 0.0669175 0.0417046 0.0649263 0.0930487 0.0880038 0.0492289 0.0393235 0.0413126 0.0647993 0.0561288 0.0608287 0.0577254 0.0567938 0.0596660 0.0612159 0.0547465 0.0617304 0.0589462 0.0641918 0.0681033 0.0598473 0.0565186 0.0567943 0.0681946 0.0594739 0.0579837 0.0699485 0.0675654 0.0642750 0.0647849 0.0669038 0.0710330 0.0672493 0.0901883 0.0670600 0.0667896 0.0971974 0.0748545 0.1017229 0.1159197 0.0858248 0.0664674 0.0716658 0.0738154 0.1098198 0.0734511 0.0735131 
CO-AR-7    0.0005011 0.0230300 0.0189721 0.0010040 0.0195224 0.0007512 0.0007507 0.0008146 0.0011924 0.0295326 0.0188840 0.0087137 0.0006874 0.0003127 0.0223606 0.0006264 0.0121844 0.0000000 0.0253108 0.0433673 0.1236465 0.0534147 0.0736108 0.0932172 0.0605692 0.1213485 0.0923994 0.0638694 0.1059893 0.0998694 0.0982978 0.0926263 0.0750605 0.0840428 0.1007852 0.0393842 0.1144416 0.0695245 0.0685354 0.0756913 0.0213647 0.0038722 0.0218148 0.0005635 0.0002510 0.0004389 0.0010678 0.0162830 0.0451300 0.0012024 0.0789297 0.0505721 0.0500093 0.0892196 0.0655010 0.0613185 0.0539785 0.0449111 0.0640652 0.0427092 0.0651163 0.0933757 0.0897249 0.0506907 0.0399755 0.0420935 0.0656173 0.0562860 0.0597507 0.0547303 0.0536073 0.0574300 0.0603857 0.0542724 0.0617630 0.0581877 0.0615889 0.0646853 0.0576242 0.0552741 0.0565518 0.0624343 0.0556313 0.0565018 0.0672362 0.0659642 0.0623786 0.0615915 0.0631811 0.0654814 0.0633741 0.0853281 0.0633014 0.0634317 0.0922828 0.0684407 0.0986042 0.1079678 0.0810719 0.0634805 0.0681612 0.0676932 0.1065886 0.0689239 0.0688599 
CO-AR-8    0.0249781 0.0084993 0.0119171 0.0491644 0.0125810 0.0477530 0.0478793 0.0485985 0.0338990 0.0250809 0.0118457 0.0309780 0.0481830 0.0252500 0.0345898 0.0248987 0.0295705 0.0253108 0.0000000 0.0182151 0.1357262 0.0613523 0.0848464 0.1054435 0.0702131 0.1334189 0.1030602 0.0768822 0.1176317 0.1112941 0.1116594 0.1048589 0.0869736 0.0963892 0.1142774 0.0516207 0.1268380 0.0825649 0.0809176 0.0862718 0.0219376 0.0234803 0.0227252 0.0253414 0.0254813 0.0255392 0.0397266 0.0312258 0.0560621 0.0329919 0.0872228 0.0592638 0.0615409 0.1023944 0.0761731 0.0694210 0.0668119 0.0552642 0.0726133 0.0518363 0.0735455 0.1037519 0.0996948 0.0590162 0.0472977 0.0489374 0.0741018 0.0643170 0.0687813 0.0650370 0.0660451 0.0676144 0.0673101 0.0630237 0.0673160 0.0667168 0.0688546 0.0758689 0.0693914 0.0649910 0.0659356 0.0749921 0.0674642 0.0655440 0.0764122 0.0770489 0.0759778 0.0719179 0.0762048 0.0794065 0.0758688 0.1009339 0.0759054 0.0761337 0.1071363 0.0824508 0.1101714 0.1231538 0.0938953 0.0756066 0.0794701 0.0817824 0.1208199 0.0801975 0.0805581 
CO-AR-9    0.0436051 0.0005547 0.0201505 0.0688202 0.0207401 0.0666745 0.0674328 0.0684025 0.0513551 0.0367798 0.0202682 0.0431244 0.0671833 0.0434494 0.0468982 0.0436621 0.0398955 0.0433673 0.0182151 0.0000000 0.1604356 0.0830088 0.1072169 0.1280494 0.0898626 0.1550613 0.1238533 0.0956516 0.1379498 0.1297282 0.1315147 0.1245176 0.1104574 0.1193087 0.1353550 0.0679144 0.1487590 0.1050892 0.1017484 0.1081813 0.0301935 0.0369196 0.0306367 0.0429053 0.0432896 0.0430235 0.0628265 0.0441188 0.0659604 0.0474328 0.1095884 0.0759950 0.0800534 0.1221068 0.0965529 0.0891005 0.0857033 0.0756969 0.0930796 0.0701635 0.0931344 0.1264297 0.1226580 0.0793411 0.0658798 0.0683838 0.0954386 0.0836075 0.0880967 0.0838100 0.0832101 0.0861989 0.0892419 0.0813452 0.0849688 0.0865058 0.0876119 0.0951403 0.0860481 0.0857062 0.0870928 0.0948331 0.0868375 0.0821787 0.0964446 0.0956075 0.0930168 0.0902915 0.0965221 0.0990260 0.0966038 0.1222107 0.0966452 0.0968707 0.1269502 0.1016325 0.1308665 0.1457810 0.1134843 0.0966014 0.1012081 0.1032277 0.1442008 0.0998567 0.1004410 
CO-CH-1    0.1233310 0.1312778 0.1244022 0.1541733 0.1252222 0.1507881 0.1509147 0.1525459 0.1303983 0.1431152 0.1250409 0.1294178 0.1510125 0.1232989 0.1290355 0.1226694 0.1303411 0.1236465 0.1357262 0.1604356 0.0000000 0.0645079 0.0859412 0.1102123 0.1155036 0.0008117 0.1455837 0.1078056 0.1490717 0.1452911 0.1388229 0.1225849 0.1366577 0.1416883 0.1589913 0.0889785 0.1313717 0.0834052 0.0759022 0.0853649 0.1364228 0.1266819 0.1381696 0.1232238 0.1241498 0.1229125 0.1504940 0.1298659 0.1542304 0.1271158 0.1589607 0.1307308 0.1321474 0.1793743 0.1520856 0.1446572 0.1439067 0.1277060 0.1468923 0.1203689 0.1430094 0.1822399 0.1762987 0.1295101 0.1186415 0.1217741 0.1475150 0.1337230 0.1234901 0.1136804 0.1143173 0.1180644 0.1173561 0.1180490 0.1265959 0.1263180 0.1280752 0.1295234 0.1211675 0.1172272 0.1204897 0.1267721 0.1211486 0.1179609 0.1280467 0.1296482 0.1280714 0.1276533 0.1241858 0.1312555 0.1234173 0.1465385 0.1241816 0.1233910 0.1548115 0.1305672 0.1533929 0.1655318 0.1503522 0.1226152 0.1248998 0.1309551 0.1727226 0.1280405 0.1280336 
CO-CH-10   0.0523931 0.0589606 0.0554190 0.0825534 0.0555382 0.0798810 0.0797583 0.0824001 0.0596980 0.0737237 0.0561337 0.0549223 0.0797288 0.0528895 0.0521831 0.0525711 0.0535179 0.0534147 0.0613523 0.0830088 0.0645079 0.0000000 0.0588976 0.0843027 0.0520178 0.0795252 0.0926684 0.0548161 0.0908388 0.0866869 0.0762643 0.0688722 0.0780217 0.0846504 0.0962720 0.0377322 0.1034801 0.0597811 0.0552387 0.0652385 0.0634374 0.0531117 0.0643162 0.0524605 0.0531125 0.0519679 0.0772771 0.0583072 0.0818586 0.0544314 0.0749713 0.0376172 0.0399240 0.0874654 0.0534485 0.0102766 0.0480875 0.0383455 0.0413453 0.0375788 0.0466172 0.0901024 0.0870830 0.0490126 0.0225481 0.0382524 0.0620127 0.0445863 0.0604618 0.0522083 0.0576538 0.0589838 0.0626657 0.0567709 0.0610898 0.0595570 0.0645350 0.0700389 0.0632039 0.0576129 0.0585645 0.0681112 0.0559221 0.0594744 0.0669727 0.0647686 0.0676277 0.0662935 0.0620216 0.0656037 0.0613603 0.0867605 0.0619243 0.0618722 0.0906092 0.0678280 0.1016289 0.0994649 0.0773252 0.0664742 0.0709184 0.0683022 0.1059569 0.0690176 0.0689599 
CO-CH-11   0.0726531 0.0782394 0.0748593 0.1050295 0.0760192 0.1003194 0.1012252 0.1040547 0.0794209 0.0963882 0.0757912 0.0766787 0.1007259 0.0729326 0.0767071 0.0723634 0.0781489 0.0736108 0.0848464 0.1072169 0.0859412 0.0588976 0.0000000 0.0317551 0.0653846 0.0849230 0.0940654 0.0604506 0.0966015 0.0953712 0.0940140 0.0817024 0.0839899 0.0887775 0.1058971 0.0435178 0.0473118 0.0208848 0.0366017 0.0241287 0.0800430 0.0737455 0.0811780 0.0721763 0.0727799 0.0721003 0.0991010 0.0799148 0.1053147 0.0766591 0.1092038 0.0796367 0.0820336 0.1309913 0.0990339 0.0938027 0.0893101 0.0784856 0.0934108 0.0725430 0.0951709 0.1282815 0.1240156 0.0792851 0.0668044 0.0715773 0.1001383 0.0843689 0.0664939 0.0630466 0.0622126 0.0650427 0.0678198 0.0643514 0.0689700 0.0679338 0.0681401 0.0741242 0.0673972 0.0638906 0.0631228 0.0732389 0.0675375 0.0624676 0.0750518 0.0744357 0.0701724 0.0713792 0.0707186 0.0750582 0.0714408 0.0945059 0.0711268 0.0713484 0.1002018 0.0767717 0.1063522 0.1148597 0.0888676 0.0692000 0.0749837 0.0765470 0.1170331 0.0751023 0.0747394 
CO-CH-12   0.0929211 0.0993105 0.0962932 0.1273492 0.0973061 0.1205207 0.1211829 0.1263187 0.1010975 0.1177667 0.0970669 0.0977287 0.1209833 0.0929284 0.0964939 0.0925376 0.0993621 0.0932172 0.1054435 0.1280494 0.1102123 0.0843027 0.0317551 0.0000000 0.0855744 0.1058758 0.1143410 0.0751417 0.1209888 0.1157968 0.1164314 0.1012759 0.1054769 0.1092102 0.1308720 0.0618062 0.0283024 0.0338561 0.0540922 0.0354822 0.1011827 0.0948088 0.1025175 0.0925604 0.0928984 0.0925933 0.1206818 0.1027078 0.1271571 0.0985694 0.1327731 0.1034549 0.1046400 0.1552332 0.1234473 0.1171539 0.1128600 0.1020221 0.1186851 0.0951349 0.1187208 0.1519995 0.1477310 0.1012015 0.0916626 0.0921016 0.1224206 0.1080206 0.0904600 0.0854709 0.0835837 0.0867186 0.0895638 0.0854038 0.0918685 0.0917195 0.0911168 0.0960918 0.0902329 0.0855935 0.0857328 0.0952532 0.0898973 0.0862456 0.0985249 0.0952263 0.0929664 0.0943001 0.0925270 0.0962179 0.0930754 0.1192018 0.0927546 0.0931564 0.1247966 0.0995620 0.1281379 0.1413111 0.1135445 0.0921297 0.0949529 0.0992038 0.1391288 0.0978917 0.0980756 
CO-CH-18   0.0598306 0.0639334 0.0623023 0.0915892 0.0626533 0.0865625 0.0866428 0.0902737 0.0662774 0.0808128 0.0620424 0.0647615 0.0870562 0.0600734 0.0615619 0.0597517 0.0648360 0.0605692 0.0702131 0.0898626 0.1155036 0.0520178 0.0653846 0.0855744 0.0000000 0.1135969 0.0871188 0.0558004 0.0969608 0.0901182 0.0837286 0.0810060 0.0742407 0.0561100 0.0753018 0.0347169 0.1067972 0.0642905 0.0608001 0.0689340 0.0697457 0.0610537 0.0706517 0.0601555 0.0600395 0.0598817 0.0848720 0.0656784 0.0869536 0.0623029 0.0937380 0.0659591 0.0662723 0.1144497 0.0848438 0.0793466 0.0755489 0.0631368 0.0796388 0.0596704 0.0798876 0.1163769 0.1100528 0.0671719 0.0539767 0.0551807 0.0857071 0.0702889 0.0565216 0.0513627 0.0494876 0.0529692 0.0563920 0.0515308 0.0572575 0.0573237 0.0571781 0.0606356 0.0586093 0.0544948 0.0518837 0.0637593 0.0567414 0.0542335 0.0631038 0.0613016 0.0590418 0.0614544 0.0437320 0.0461201 0.0432445 0.0632699 0.0432382 0.0434136 0.0692818 0.0491846 0.0729532 0.0810701 0.0594175 0.0436780 0.0465169 0.0503450 0.0882043 0.0460530 0.0467158 
CO-CH-2    0.1202598 0.1267034 0.1205970 0.1531334 0.1221813 0.1483829 0.1494506 0.1521508 0.1275332 0.1415432 0.1217118 0.1250948 0.1495491 0.1208694 0.1236558 0.1203010 0.1255414 0.1213485 0.1334189 0.1550613 0.0008117 0.0795252 0.0849230 0.1058758 0.1135969 0.0000000 0.1447999 0.1025698 0.1443700 0.1437631 0.1401262 0.1257691 0.1358537 0.1362113 0.1564534 0.0873238 0.1283657 0.0811206 0.0727566 0.0862486 0.1292874 0.1231252 0.1296796 0.1202533 0.1210476 0.1208684 0.1489852 0.1264940 0.1508009 0.1242439 0.1590560 0.1279399 0.1300585 0.1769924 0.1482099 0.1421887 0.1374579 0.1244215 0.1434466 0.1181978 0.1414179 0.1766005 0.1731516 0.1252767 0.1154556 0.1190766 0.1463868 0.1310242 0.1174373 0.1122600 0.1118712 0.1148134 0.1150191 0.1118949 0.1180698 0.1194772 0.1179336 0.1247364 0.1156649 0.1128682 0.1141838 0.1230956 0.1146586 0.1133576 0.1228280 0.1249864 0.1212707 0.1210595 0.1181098 0.1226531 0.1183300 0.1418414 0.1182994 0.1178333 0.1486048 0.1244782 0.1558122 0.1638337 0.1386709 0.1190243 0.1226824 0.1240844 0.1689054 0.1238591 0.1237528 
CO-CH-21   0.0920184 0.0964380 0.0933296 0.1266941 0.0949120 0.1202771 0.1209395 0.1256744 0.0984190 0.1146111 0.0934309 0.0972544 0.1208840 0.0919103 0.0956986 0.0918910 0.0962790 0.0923994 0.1030602 0.1238533 0.1455837 0.0926684 0.0940654 0.1143410 0.0871188 0.1447999 0.0000000 0.0732259 0.1151544 0.0725625 0.1070207 0.1117145 0.1077689 0.1127096 0.1319043 0.0641384 0.1334066 0.0904854 0.0881839 0.0958034 0.1023476 0.0937334 0.1030066 0.0919910 0.0919102 0.0918761 0.1202988 0.0995291 0.1233659 0.0959476 0.1327857 0.1016216 0.1032502 0.1511849 0.1202275 0.1164494 0.1107263 0.0984275 0.1176972 0.0957494 0.1189661 0.1504740 0.1469068 0.1026350 0.0899669 0.0911724 0.1229424 0.1064280 0.0953167 0.0889126 0.0908046 0.0933419 0.0920032 0.0867475 0.0956150 0.0956907 0.0961657 0.1002664 0.0923527 0.0904709 0.0904038 0.1018569 0.0928126 0.0892982 0.1015004 0.1012403 0.0982698 0.0977754 0.0947668 0.0989508 0.0947068 0.1178919 0.0945392 0.0943289 0.1243735 0.0995472 0.1358698 0.1411107 0.1089173 0.0956016 0.0976024 0.1013517 0.1398247 0.0984381 0.0987180 
CO-CH-22   0.0636573 0.0686213 0.0671850 0.0977639 0.0676151 0.0902174 0.0910061 0.0967079 0.0697850 0.0868203 0.0673107 0.0679061 0.0910502 0.0634363 0.0654661 0.0634932 0.0692051 0.0638694 0.0768822 0.0956516 0.1078056 0.0548161 0.0604506 0.0751417 0.0558004 0.1025698 0.0732259 0.0000000 0.0766539 0.0770749 0.0607919 0.0740979 0.0779825 0.0780216 0.0942941 0.0365217 0.0956551 0.0566482 0.0561471 0.0588802 0.0731562 0.0640188 0.0740966 0.0631305 0.0632104 0.0626729 0.0890376 0.0710345 0.0956698 0.0675875 0.0960865 0.0684268 0.0703749 0.1145100 0.0900756 0.0832155 0.0791179 0.0675332 0.0869489 0.0604318 0.0821189 0.1138156 0.1099571 0.0709714 0.0583709 0.0613089 0.0892685 0.0722277 0.0585577 0.0552966 0.0554550 0.0586006 0.0641855 0.0556079 0.0621319 0.0593213 0.0625723 0.0686214 0.0608366 0.0553446 0.0587484 0.0688673 0.0610594 0.0577494 0.0684165 0.0687471 0.0661879 0.0660142 0.0619488 0.0634426 0.0615935 0.0833063 0.0617778 0.0618539 0.0883907 0.0660928 0.0918586 0.1004623 0.0761806 0.0633712 0.0652495 0.0676744 0.1056435 0.0642171 0.0640580 
CO-CH-23   0.1050695 0.1091852 0.1060807 0.1398324 0.1068745 0.1329946 0.1346702 0.1385993 0.1096819 0.1265399 0.1064870 0.1068248 0.1344895 0.1054528 0.1051059 0.1049798 0.1085310 0.1059893 0.1176317 0.1379498 0.1490717 0.0908388 0.0966015 0.1209888 0.0969608 0.1443700 0.1151544 0.0766539 0.0000000 0.1203952 0.1110467 0.1139750 0.1158545 0.1216290 0.1375867 0.0717088 0.1388903 0.0952836 0.0925290 0.0998892 0.1121694 0.1046266 0.1125099 0.1052501 0.1055791 0.1050682 0.1328691 0.1114061 0.1344036 0.1068770 0.1422042 0.1113545 0.1147197 0.1629649 0.1316793 0.1224334 0.1218607 0.1122462 0.1273633 0.1032610 0.1267079 0.1595914 0.1565439 0.1129779 0.0978017 0.0995894 0.1335578 0.1151068 0.0985418 0.0925438 0.0963263 0.0990089 0.0983644 0.0912906 0.0994181 0.0976849 0.0989841 0.1049102 0.0979945 0.0947552 0.0938833 0.1068991 0.0967764 0.0949214 0.1068398 0.1051619 0.1038788 0.1045653 0.1045608 0.1064299 0.1049487 0.1275516 0.1046140 0.1044521 0.1308034 0.1070976 0.1373666 0.1456279 0.1130568 0.1004054 0.1060187 0.1093584 0.1449679 0.1050133 0.1056330 
CO-CH-24   0.0990223 0.1027313 0.1007020 0.1327638 0.1014490 0.1246657 0.1256008 0.1314998 0.1049464 0.1233371 0.1007133 0.1057607 0.1257182 0.0991643 0.1032987 0.0991070 0.1049539 0.0998694 0.1112941 0.1297282 0.1452911 0.0866869 0.0953712 0.1157968 0.0901182 0.1437631 0.0725625 0.0770749 0.1203952 0.0000000 0.1101683 0.1140060 0.1144623 0.1120197 0.1335573 0.0684676 0.1353642 0.0942928 0.0920203 0.0980991 0.1075631 0.1014194 0.1081174 0.0990271 0.0997025 0.0991212 0.1254160 0.1068421 0.1303023 0.1019604 0.1367484 0.1060867 0.1073499 0.1542175 0.1270754 0.1213662 0.1178443 0.1055431 0.1236694 0.0999412 0.1210551 0.1575055 0.1512085 0.1052163 0.0960731 0.0965669 0.1281632 0.1109009 0.1007074 0.0934915 0.0944597 0.1009473 0.0993511 0.0922979 0.1020218 0.1026277 0.0987116 0.1058513 0.0979555 0.0949052 0.0943756 0.1080899 0.1002396 0.0931758 0.1056992 0.1062994 0.1047132 0.1023596 0.0975872 0.1010825 0.0978333 0.1171982 0.0973116 0.0973718 0.1287436 0.1043341 0.1327386 0.1426649 0.1162683 0.0988814 0.0999635 0.1042123 0.1498080 0.1023058 0.1032230 
CO-CH-28   0.0982729 0.1012173 0.0989024 0.1321909 0.0994740 0.1268444 0.1272251 0.1321623 0.1067178 0.1186086 0.0995185 0.1025507 0.1273063 0.0976061 0.1011913 0.0985548 0.1022328 0.0982978 0.1116594 0.1315147 0.1388229 0.0762643 0.0940140 0.1164314 0.0837286 0.1401262 0.1070207 0.0607919 0.1110467 0.1101683 0.0000000 0.1001464 0.1164138 0.1102618 0.1316151 0.0696719 0.1382503 0.0913556 0.0900343 0.0940795 0.1089757 0.0965320 0.1091565 0.0985935 0.0982517 0.0980919 0.1256255 0.1085379 0.1322455 0.1017964 0.1317619 0.1043792 0.1083058 0.1538055 0.1247789 0.1183876 0.1166976 0.1010233 0.1207033 0.0983680 0.1167228 0.1518724 0.1487380 0.1045875 0.0913784 0.0948641 0.1296832 0.1099522 0.0975233 0.0899861 0.0916479 0.0923391 0.0944960 0.0896289 0.0990696 0.0959472 0.0973603 0.1004417 0.0944233 0.0900629 0.0905525 0.1019505 0.0922808 0.0889101 0.1043173 0.0997465 0.1006732 0.0965391 0.0957266 0.0976522 0.0964994 0.1129097 0.0956791 0.0965003 0.1255815 0.1033283 0.1352496 0.1433891 0.1081288 0.0984161 0.1098896 0.0963504 0.1394740 0.0993100 0.0996749 
CO-CH-29   0.0924929 0.0969208 0.0941460 0.1232977 0.0945002 0.1171044 0.1181089 0.1219331 0.0985545 0.1143073 0.0949066 0.0962274 0.1175468 0.0930202 0.0954166 0.0926279 0.0975860 0.0926263 0.1048589 0.1245176 0.1225849 0.0688722 0.0817024 0.1012759 0.0810060 0.1257691 0.1117145 0.0740979 0.1139750 0.1140060 0.1001464 0.0000000 0.1041318 0.1066126 0.1248975 0.0643238 0.1193530 0.0821043 0.0778509 0.0864853 0.1049643 0.0917478 0.1054148 0.0919670 0.0927054 0.0918323 0.1182638 0.0962548 0.1268548 0.0967515 0.1274248 0.0948650 0.0978403 0.1433515 0.1189950 0.1096627 0.1064296 0.0987967 0.1163230 0.0915594 0.1091211 0.1473994 0.1431119 0.0974662 0.0845996 0.0893935 0.1215429 0.0995814 0.0904412 0.0816763 0.0808543 0.0847061 0.0875636 0.0834123 0.0900012 0.0891402 0.0911598 0.0953017 0.0904663 0.0833639 0.0852789 0.0945947 0.0898717 0.0869772 0.0929599 0.0935689 0.0940192 0.0952306 0.0928922 0.0965518 0.0926573 0.1116920 0.0925754 0.0925667 0.1201057 0.0975705 0.1242697 0.1335260 0.1081490 0.0900995 0.0933812 0.0982095 0.1359094 0.0980180 0.0983355 
CO-CH-39   0.0743803 0.0825210 0.0779957 0.1050243 0.0785005 0.1006471 0.1013610 0.1037001 0.0799298 0.0966642 0.0782761 0.0785267 0.1011120 0.0750020 0.0802832 0.0746453 0.0784284 0.0750605 0.0869736 0.1104574 0.1366577 0.0780217 0.0839899 0.1054769 0.0742407 0.1358537 0.1077689 0.0779825 0.1158545 0.1144623 0.1164138 0.1041318 0.0000000 0.0952364 0.1124414 0.0521342 0.1244211 0.0817247 0.0804853 0.0874215 0.0829574 0.0749727 0.0835442 0.0741024 0.0748942 0.0740889 0.1004697 0.0806567 0.1029908 0.0774800 0.1116103 0.0845742 0.0843552 0.1300870 0.1011091 0.0981726 0.0909472 0.0792407 0.0992002 0.0733420 0.0976935 0.1301361 0.1262633 0.0834873 0.0731205 0.0758796 0.1001165 0.0877486 0.0594238 0.0539342 0.0552861 0.0563786 0.0582004 0.0550995 0.0579291 0.0552335 0.0572069 0.0633525 0.0590612 0.0571508 0.0569100 0.0613850 0.0605386 0.0566920 0.0677881 0.0645499 0.0614020 0.0648119 0.0771642 0.0795554 0.0771129 0.1018658 0.0774162 0.0770548 0.1046989 0.0826827 0.1108031 0.1189717 0.0912877 0.0770352 0.0803509 0.0823375 0.1195746 0.0814607 0.0822108 
CO-CH-40   0.0829716 0.0908477 0.0881304 0.1156002 0.0890773 0.1094923 0.1102345 0.1146692 0.0889376 0.1090103 0.0880005 0.0885793 0.1098864 0.0834965 0.0863200 0.0830556 0.0887507 0.0840428 0.0963892 0.1193087 0.1416883 0.0846504 0.0887775 0.1092102 0.0561100 0.1362113 0.1127096 0.0780216 0.1216290 0.1120197 0.1102618 0.1066126 0.0952364 0.0000000 0.1004551 0.0542053 0.1288546 0.0849695 0.0826287 0.0896917 0.0928767 0.0861200 0.0938040 0.0832831 0.0837338 0.0827364 0.1096440 0.0910771 0.1115243 0.0869382 0.1225539 0.0924096 0.0950012 0.1403552 0.1146658 0.1056087 0.1010865 0.0910998 0.1086481 0.0849858 0.1102828 0.1417165 0.1367075 0.0932396 0.0809970 0.0835552 0.1130258 0.0972796 0.0777672 0.0771476 0.0749233 0.0778135 0.0782635 0.0739633 0.0781252 0.0780901 0.0784884 0.0845485 0.0779578 0.0760485 0.0722273 0.0857765 0.0793906 0.0756480 0.0889350 0.0861106 0.0827296 0.0845580 0.0638474 0.0671210 0.0636940 0.0864519 0.0640267 0.0638254 0.0921468 0.0695487 0.1008495 0.1060944 0.0801908 0.0652608 0.0652223 0.0687095 0.1087060 0.0690996 0.0699360 
CO-CH-45   0.0997220 0.1061076 0.1016337 0.1341668 0.1031494 0.1274373 0.1281673 0.1321659 0.1079131 0.1221365 0.1017997 0.1081060 0.1281213 0.1001617 0.1054073 0.0999651 0.1073662 0.1007852 0.1142774 0.1353550 0.1589913 0.0962720 0.1058971 0.1308720 0.0753018 0.1564534 0.1319043 0.0942941 0.1375867 0.1335573 0.1316151 0.1248975 0.1124414 0.1004551 0.0000000 0.0696988 0.1504006 0.1036523 0.1031699 0.1093019 0.1084763 0.1024335 0.1093240 0.0996204 0.1000626 0.0998893 0.1274463 0.1101059 0.1313359 0.1041383 0.1379242 0.1078477 0.1097924 0.1551082 0.1263970 0.1232944 0.1149091 0.1069240 0.1238996 0.1022027 0.1248891 0.1574961 0.1518576 0.1080809 0.0959204 0.0967641 0.1298311 0.1112146 0.0954910 0.0906545 0.0922810 0.0933271 0.0942414 0.0914982 0.0928958 0.0924988 0.0958252 0.1013302 0.0937214 0.0905511 0.0907720 0.1023204 0.0956107 0.0918452 0.1039544 0.1021894 0.0976387 0.0989356 0.0480933 0.0514134 0.0477111 0.0677361 0.0475996 0.0475515 0.0347261 0.0120421 0.0757117 0.0264591 0.0584814 0.0414865 0.0462973 0.0220338 0.0658115 0.0132237 0.0134734 
CO-CH-46   0.0381706 0.0426032 0.0409966 0.0676494 0.0417616 0.0625387 0.0626712 0.0664802 0.0440282 0.0592289 0.0409066 0.0423063 0.0626490 0.0385548 0.0425361 0.0382674 0.0428377 0.0393842 0.0516207 0.0679144 0.0889785 0.0377322 0.0435178 0.0618062 0.0347169 0.0873238 0.0641384 0.0365217 0.0717088 0.0684676 0.0696719 0.0643238 0.0521342 0.0542053 0.0696988 0.0000000 0.0782865 0.0409359 0.0398449 0.0457521 0.0461990 0.0406951 0.0472679 0.0383910 0.0387884 0.0380075 0.0623316 0.0436694 0.0647994 0.0417767 0.0735107 0.0462563 0.0466856 0.0877513 0.0618950 0.0577601 0.0528203 0.0436340 0.0577244 0.0412218 0.0595245 0.0899422 0.0864170 0.0469163 0.0348339 0.0370925 0.0654408 0.0520400 0.0347934 0.0322896 0.0334570 0.0337852 0.0366233 0.0312321 0.0350999 0.0336041 0.0348593 0.0400856 0.0346365 0.0327124 0.0321406 0.0414949 0.0357459 0.0327091 0.0409689 0.0417207 0.0385099 0.0400271 0.0370998 0.0389513 0.0370326 0.0571987 0.0371621 0.0374545 0.0657687 0.0432282 0.0700635 0.0766546 0.0524522 0.0366492 0.0430255 0.0428319 0.0772461 0.0413763 0.0418842 
CO-CH-5    0.1138300 0.1198236 0.1175414 0.1488112 0.1187093 0.1421076 0.1426687 0.1479302 0.1224139 0.1382734 0.1180028 0.1193947 0.1431324 0.1139030 0.1185945 0.1132653 0.1195917 0.1144416 0.1268380 0.1487590 0.1313717 0.1034801 0.0473118 0.0283024 0.1067972 0.1283657 0.1334066 0.0956551 0.1388903 0.1353642 0.1382503 0.1193530 0.1244211 0.1288546 0.1504006 0.0782865 0.0000000 0.0463615 0.0703351 0.0516151 0.1216665 0.1150279 0.1232640 0.1140969 0.1143257 0.1138408 0.1422288 0.1212589 0.1466444 0.1179507 0.1541463 0.1235143 0.1253850 0.1739815 0.1430753 0.1369353 0.1331813 0.1217544 0.1392688 0.1149966 0.1403100 0.1733579 0.1693073 0.1220987 0.1113578 0.1120598 0.1430579 0.1290010 0.1090582 0.1036957 0.1027127 0.1065174 0.1096253 0.1027377 0.1098609 0.1108381 0.1098757 0.1143403 0.1100237 0.1045447 0.1030724 0.1150099 0.1090226 0.1057204 0.1188286 0.1141526 0.1106277 0.1124084 0.1135486 0.1155817 0.1133790 0.1381650 0.1134645 0.1135158 0.1446883 0.1192463 0.1507123 0.1616067 0.1299851 0.1122075 0.1160723 0.1196824 0.1614170 0.1189634 0.1197424 
